50
189 65 77 42 63 67 54 72 71 62 54 72 51 39 71 54 47 50 70 40 41 47 78 59 45 55 43 55 57 75 63 77 69 59 75 75 53 64 51 63 62 77 67 72 56 52 55 63 67 43 55 51 54 52 45 53 50 45 45 65 41 76 51 77 57 70 66 52 49 48 39 54 58 78 57 66 48 75 54 75 64 39 50 59 69 60 39 64 71 69 71 60 63 71 56 63 54 63 41 59 44 70 58 62 62 42 48 45 75 67 74 69 53 69 46 41 47 59 57 60 66 73 78 71 73 54 75 52 74 58 75 40 41 44 70 64 69 55 46 70 53 51 76 53 45 70 44 68 39 69 73 45 51 50 49 40 75 66 60 57 57 74 55 64 53 71 60 66 42 59 41 63 65 68 44 42 71 63 57 59 59 39 63 46 52 54 48 78 64 55
125 42 49 48 49 40 43 49 44 50 49 46 49 42 43 46 44 40 41 40 49 40 50 41 49 46 40 43 48 44 48 41 46 45 45 46 45 50 44 40 46 42 43 42 42 50 40 44 50 41 44 47 48 48 48 45 41 44 46 42 47 48 47 41 44 42 44 42 41 45 42 41 49 50 48 40 40 42 49 43 44 42 42 40 43 42 41 46 40 40 45 49 41 49 47 43 47 100 48 43 48 41 44 48 45 40 50 40 40 47 48 42 42 45 48 46 42 46 47 43 49 47 44 40 44 48
115 73 73 86 78 64 67 60 46 74 55 81 87 66 66 69 88 88 54 68 72 56 48 87 56 57 50 60 47 61 50 55 70 73 58 77 54 57 85 85 82 68 63 62 54 76 72 50 64 88 46 82 71 46 45 66 63 63 62 88 85 74 63 56 72 58 76 70 49 63 70 46 50 72 56 72 61 46 50 56 62 81 64 59 68 62 80 57 61 66 46 58 64 46 63 44 67 54 72 64 46 50 70 86 80 66 73 54 63 44 70 79 67 68 84 48
187 44 48 50 36 44 50 35 45 41 36 37 37 37 45 41 48 44 39 41 50 38 39 48 45 37 43 43 47 47 41 45 41 41 36 44 37 38 37 37 35 49 46 39 36 39 50 43 100 41 42 40 37 41 36 40 45 39 39 48 50 43 40 39 50 39 36 48 43 45 44 45 48 50 38 44 42 48 37 38 39 36 36 46 38 37 48 36 37 43 45 39 36 45 46 39 42 46 37 40 45 44 49 45 48 48 50 47 41 50 50 35 37 39 37 47 35 49 49 46 48 35 50 42 37 37 35 43 42 50 39 36 47 40 42 39 43 41 46 42 36 35 36 47 45 38 39 45 45 42 49 46 36 46 44 45 49 47 38 42 44 36 46 46 49 40 45 49 44 44 50 37 44 49 35 43 47 39 47 46 36 41 38 47 42 49 45 47
2 11 28
105 0 0 0 0 0 0 0 0 0 0 0 0 0 0 0 0 0 0 0 0 94 0 0 0 0 0 0 0 0 0 0 0 0 0 0 0 0 0 0 0 0 0 0 0 0 0 0 0 0 0 0 0 0 0 0 0 0 0 0 0 0 0 0 0 0 0 0 0 0 0 0 0 0 0 0 0 0 0 0 0 0 0 0 0 0 0 0 0 0 0 0 0 0 0 0 0 0 0 0 0 0 0 0 0 0
172 49 98 53 18 98 30 8 30 20 26 13 63 23 61 74 86 88 53 10 36 72 53 86 80 88 41 24 16 5 19 18 67 87 68 67 26 98 80 100 19 97 56 74 36 93 17 74 83 24 98 57 62 38 8 76 88 64 55 46 90 68 3 50 39 89 42 47 55 45 19 38 32 73 98 58 77 2 83 12 68 9 74 27 87 82 76 5 25 9 28 31 11 90 67 17 40 54 79 26 67 60 47 75 64 23 11 13 74 10 61 3 11 7 61 68 70 9 39 76 41 61 6 76 80 94 61 56 44 75 64 36 64 76 32 8 43 17 12 74 33 85 14 50 27 15 42 85 98 85 91 70 63 59 46 47 32 67 87 93 64 87 43 43 44 34 50 21 22 44 33 98 55
2 89 89
2 43 47
125 85 84 1 84 0 1 84 84 0 0 0 1 84 85 85 85 84 1 0 85 85 0 85 1 0 0 85 85 84 85 84 0 84 0 0 85 1 85 0 84 1 0 84 0 85 1 84 84 0 85 84 1 84 0 1 84 1 85 85 1 84 84 1 1 0 0 0 84 0 0 1 84 85 85 0 1 84 84 85 84 0 84 0 84 84 85 0 1 85 84 1 1 84 0 85 0 85 85 0 1 1 0 84 85 84 0 85 0 84 84 85 0 84 0 0 1 1 0 0 1 1 85 84 0 0
2 6 71
120 59 74 48 60 43 67 66 73 57 64 74 50 68 61 38 55 55 74 67 61 53 46 39 49 38 54 55 51 60 38 61 53 37 61 58 59 72 52 51 41 73 67 48 60 72 37 40 42 67 39 62 67 71 50 74 49 61 55 47 60 57 49 50 67 67 44 50 43 72 73 50 49 50 43 72 60 41 49 59 40 59 62 63 44 55 52 41 60 63 47 62 43 68 71 56 58 41 52 61 43 45 45 38 41 73 44 60 65 52 63 58 57 62 59 72 62 55 59 43 57
141 50 49 49 50 49 49 49 50 49 49 49 50 49 50 50 49 49 50 49 49 50 49 49 49 50 49 49 50 50 50 49 49 49 49 50 49 50 50 49 50 50 50 50 49 50 50 50 50 50 50 49 49 49 50 50 50 49 49 49 50 49 50 50 49 100 50 49 49 50 49 50 49 49 50 50 50 50 50 49 49 50 50 50 50 50 50 50 50 50 50 50 49 50 49 50 50 50 50 50 49 49 50 49 50 49 49 50 49 50 50 49 50 49 50 50 50 49 50 50 50 50 49 49 50 50 49 49 50 50 50 49 50 49 49 50 49 49 50 49 50 50
39 56 12 45 47 40 21 9 56 98 10 4 47 82 6 66 71 85 100 25 89 20 17 52 92 39 20 3 43 59 17 84 60 99 38 98 0 12 14 19
152 0 0 0 0 0 0 0 0 0 0 0 0 0 0 0 0 0 0 0 0 0 0 0 0 0 0 0 0 0 0 0 0 0 0 0 0 0 0 0 0 0 0 0 0 0 0 0 0 0 0 0 0 0 0 0 0 0 0 0 0 0 0 0 0 0 0 0 0 0 0 0 0 0 0 0 0 0 0 0 0 0 0 0 0 0 0 0 0 0 0 0 0 0 0 0 0 0 0 0 0 0 0 61 0 0 0 0 0 0 0 0 0 0 0 0 0 0 0 0 0 0 0 0 0 0 0 0 0 0 0 0 0 0 0 0 0 0 0 0 0 0 0 0 0 0 0 0 0 0 0 0 0
61 80 92 67 31 85 12 83 14 19 13 41 25 84 41 29 14 24 72 99 100 24 92 59 92 35 99 29 5 65 59 19 20 52 91 39 100 83 5 36 28 94 15 27 12 59 66 96 2 29 40 16 29 1 46 97 29 80 50 67 0 79
153 48 44 46 38 39 46 38 50 48 43 44 39 49 47 41 40 47 43 43 42 38 46 40 40 39 39 41 42 47 46 50 46 43 39 47 40 47 38 47 39 45 43 42 47 50 45 47 41 39 39 46 43 42 49 41 44 43 48 46 100 39 45 43 40 43 48 50 48 41 40 50 45 50 38 42 38 45 45 49 47 44 40 48 41 42 42 41 46 40 46 46 43 45 47 46 49 43 42 42 43 47 40 39 44 42 43 39 43 42 38 39 41 38 48 38 44 48 40 43 49 39 43 45 38 38 38 46 46 50 44 50 49 44 40 38 41 47 39 39 43 38 39 46 39 42 46 40 38 48 50 50 49 42
170 0 0 0 0 0 0 0 0 0 0 0 0 0 0 0 0 0 0 0 0 0 0 0 0 0 0 0 0 0 0 0 0 0 0 0 0 0 0 0 0 0 0 0 0 0 0 0 0 0 0 0 0 0 0 0 0 0 0 0 0 0 0 0 0 0 0 0 0 0 0 0 0 0 0 0 0 0 0 0 0 0 0 0 0 0 0 0 0 0 0 0 0 0 0 0 0 0 0 0 0 0 0 0 0 0 0 0 0 0 0 0 0 0 0 0 0 0 0 0 0 0 0 0 0 0 0 0 0 0 0 0 0 79 0 0 0 0 0 0 0 0 0 0 0 0 0 0 0 0 0 0 0 0 0 0 0 0 0 0 0 0 0 0 0 0 0 0 0 0 0
143 75 1 76 0 75 0 1 1 75 76 0 1 75 76 0 0 75 0 0 0 1 0 1 75 76 76 0 76 76 1 0 0 1 0 76 75 76 75 1 1 1 1 1 75 0 1 75 76 1 76 1 0 0 0 76 0 76 75 0 0 75 1 75 76 1 75 1 1 75 0 76 76 0 1 76 75 75 0 76 1 76 76 0 75 0 76 76 76 1 1 75 0 0 0 75 76 1 1 0 76 0 0 0 75 1 75 76 75 75 75 1 0 1 0 0 75 76 76 75 76 75 0 75 75 76 1 75 76 75 76 76 0 75 75 0 75 1 75 1 75 75 1 0
194 0 0 0 0 0 0 0 0 0 0 0 0 0 0 0 0 0 0 0 0 0 0 0 0 0 0 0 0 0 0 0 0 0 0 0 0 0 0 0 0 0 0 0 0 0 0 0 0 0 0 0 0 0 0 0 0 0 0 0 0 0 0 0 0 0 0 0 0 0 0 0 0 0 0 0 0 0 0 0 0 0 0 0 0 0 0 0 0 0 0 0 0 0 0 0 0 0 0 0 0 0 0 0 0 0 0 0 0 0 0 0 0 0 0 0 0 0 0 0 0 0 0 0 0 0 0 0 0 0 0 0 0 0 0 0 0 0 0 0 0 0 0 0 0 0 0 0 0 0 0 0 0 0 0 0 0 0 0 0 0 0 0 0 0 0 0 0 0 0 67 0 0 0 0 0 0 0 0 0 0 0 0 0 0 0 0 0 0 0 0 0 0 0 0
159 83 59 36 6 61 3 6 6 74 61 81 31 95 24 100 51 21 50 65 11 24 42 44 25 65 70 66 59 69 4 8 48 5 47 66 6 63 53 1 58 34 90 29 33 0 3 61 66 25 36 0 47 3 5 51 74 51 26 10 35 73 82 74 35 21 63 98 13 33 65 23 66 57 54 85 88 7 73 31 72 65 15 78 29 33 43 82 23 25 35 76 89 41 70 90 50 50 58 26 12 66 77 77 80 46 84 43 23 73 77 89 92 26 25 65 52 2 71 70 41 46 29 8 22 41 49 65 22 65 15 90 7 97 98 39 68 43 57 22 36 49 65 87 63 22 41 81 71 29 1 11 22 58 100 95 14 25 72 4
103 0 1 97 96 96 0 1 97 1 97 1 0 97 1 96 0 1 0 97 97 0 97 0 0 0 97 97 96 1 97 96 0 1 0 0 97 0 96 96 1 97 1 97 97 1 1 1 0 1 97 96 0 96 1 1 97 97 97 96 96 96 0 0 0 96 0 0 1 97 96 96 0 1 97 0 97 0 96 1 96 96 1 96 1 96 97 97 0 97 0 1 97 97 96 97 0 0 0 0 1 96 97 96
162 0 0 0 0 0 0 0 0 0 0 0 0 0 0 0 0 0 0 0 0 0 0 0 0 0 0 0 0 0 0 0 0 0 0 0 0 0 0 0 0 0 0 0 0 0 0 0 0 0 0 0 0 0 0 0 0 0 0 0 0 0 0 0 0 0 0 0 0 0 0 0 0 0 0 0 0 0 0 0 0 0 0 0 0 0 0 0 0 0 0 0 0 0 0 0 0 0 0 0 0 0 0 0 0 0 0 0 0 0 0 0 0 63 0 0 0 0 0 0 0 0 0 0 0 0 0 0 0 0 0 0 0 0 0 0 0 0 0 0 0 0 0 0 0 0 0 0 0 0 0 0 0 0 0 0 0 0 0 0 0 0 0
2 29 55
149 98 85 58 34 83 8 48 84 92 56 45 61 46 48 70 2 32 69 64 95 17 30 72 19 66 35 38 86 87 85 11 13 51 72 31 47 68 67 55 95 65 48 66 83 98 68 100 66 69 51 96 56 9 42 86 7 1 45 34 50 13 67 39 48 25 44 16 42 14 21 32 8 59 52 31 59 46 30 80 100 99 56 15 45 4 84 24 6 85 99 84 9 84 97 61 46 1 75 53 63 69 30 35 83 24 94 58 77 25 61 44 6 80 40 15 48 38 93 53 14 6 19 90 31 0 75 57 8 0 5 88 43 18 89 74 51 21 38 78 24 61 61 29 99 94 59 66 85 20
128 2 61 12 60 61 53 40 71 25 54 86 67 70 46 10 54 76 91 32 46 16 97 18 56 52 53 64 29 74 59 99 98 56 42 15 57 19 52 28 55 18 80 68 20 84 52 2 95 4 65 0 55 12 63 88 76 68 31 1 4 3 38 64 93 56 92 79 3 80 38 77 77 8 20 32 12 4 50 76 63 90 90 94 25 16 30 82 91 48 66 41 29 48 57 92 39 51 86 21 69 88 48 79 2 32 51 91 54 74 95 42 89 12 72 77 31 17 72 59 61 39 28 65 51 85 21 37 50
159 0 0 0 0 0 0 0 0 0 0 0 0 0 0 0 0 0 0 0 0 0 0 0 0 0 0 0 0 0 0 0 0 0 0 0 0 0 0 0 0 0 0 0 0 0 0 0 0 0 0 0 0 0 0 0 0 0 0 0 0 0 0 0 0 0 0 0 0 0 0 0 0 0 0 0 0 0 0 0 0 0 0 0 0 0 0 0 0 0 0 0 0 0 0 0 0 0 0 0 0 0 0 72 0 0 0 0 0 0 0 0 0 0 0 0 0 0 0 0 0 0 0 0 0 0 0 0 0 0 0 0 0 0 0 0 0 0 0 0 0 0 0 0 0 0 0 0 0 0 0 0 0 0 0 0 0 0 0 0
200 100 100 100 100 100 100 100 100 100 100 100 100 100 100 100 100 100 100 100 100 100 100 100 100 100 100 100 100 100 100 100 100 100 100 100 100 100 100 100 100 100 100 100 100 100 100 100 100 100 100 100 100 100 100 100 100 100 100 100 100 100 100 100 100 100 100 100 100 100 100 100 100 100 100 100 100 100 100 100 100 100 100 100 100 100 100 100 100 100 100 100 100 100 100 100 100 100 100 100 100 100 100 100 100 100 100 100 100 100 100 100 100 100 100 100 100 100 100 100 100 100 100 100 100 100 100 100 100 100 100 100 100 100 100 100 100 100 100 100 100 100 100 100 100 100 100 100 100 100 100 100 100 100 100 100 100 100 100 100 100 100 100 100 100 100 100 100 100 100 100 100 100 100 100 100 100 100 100 100 100 100 100 100 100 100 100 100 100 100 100 100 100 100 100 100 100 100 100 100 100
197 49 50 50 50 50 49 50 50 49 49 49 50 49 49 50 50 50 50 50 50 50 50 49 49 50 50 49 50 49 50 49 50 49 49 49 49 50 50 49 50 50 50 50 50 49 49 50 49 50 49 50 49 50 49 49 49 50 49 50 49 49 50 49 50 49 50 50 49 50 50 49 49 49 49 50 50 49 49 49 50 50 49 49 50 50 50 50 50 50 50 49 50 50 50 50 50 50 49 49 49 50 50 49 50 50 49 49 50 50 100 49 50 50 49 50 49 49 49 50 49 50 49 49 50 50 50 49 50 50 49 50 50 49 49 49 50 50 50 50 50 49 49 50 50 49 49 49 50 50 50 49 50 49 50 50 49 49 49 49 49 49 50 49 50 50 50 49 50 49 49 49 50 50 50 50 50 49 49 50 50 49 50 49 49 50 50 49 50 49 49 49 49 49 50 50 49 49
6 61 38 59 64 81 45
113 82 0 0 0 1 0 82 0 82 82 0 82 82 82 1 81 0 82 0 1 82 82 82 81 1 81 81 82 81 82 81 1 1 81 1 81 81 81 81 0 1 0 1 1 82 82 0 0 82 81 81 81 1 81 0 0 1 0 81 1 81 1 0 0 81 1 1 82 82 1 81 0 81 1 82 81 1 82 0 1 82 0 1 82 0 81 0 81 0 81 0 1 81 81 82 1 81 82 1 81 1 1 0 81 1 81 81 0 81 0 1 0 1
198 0 0 0 0 0 0 0 0 0 0 0 0 0 0 0 0 0 0 0 0 0 0 0 0 0 0 0 0 0 0 0 0 0 0 0 0 0 0 0 0 0 0 0 0 0 0 0 0 0 0 0 0 0 0 0 0 0 0 0 0 0 0 0 0 0 0 0 0 0 0 0 0 0 0 0 0 0 0 0 0 0 0 0 0 0 0 0 0 0 0 0 0 55 0 0 0 0 0 0 0 0 0 0 0 0 0 0 0 0 0 0 0 0 0 0 0 0 0 0 0 0 0 0 0 0 0 0 0 0 0 0 0 0 0 0 0 0 0 0 0 0 0 0 0 0 0 0 0 0 0 0 0 0 0 0 0 0 0 0 0 0 0 0 0 0 0 0 0 0 0 0 0 0 0 0 0 0 0 0 0 0 0 0 0 0 0 0 0 0 0 0 0 0 0 0 0 0 0
156 55 66 30 60 25 78 47 68 42 33 7 12 64 11 61 87 53 94 86 35 96 10 39 26 34 78 42 25 84 92 20 60 56 70 44 77 13 75 15 49 0 80 60 80 87 44 21 19 98 97 13 53 39 19 100 81 35 40 85 83 17 79 63 86 56 83 96 30 5 1 21 62 97 71 4 0 90 35 100 74 87 39 40 95 76 23 20 49 97 97 76 63 74 76 92 27 36 47 70 23 42 9 6 46 8 49 5 66 22 91 92 21 39 98 79 10 47 64 88 70 37 95 16 62 9 99 65 14 23 92 45 26 97 98 65 66 61 66 27 17 67 66 5 83 22 7 95 40 77 26 95 37 95 75 73 33
141 1 1 0 0 74 1 74 75 0 75 75 1 1 74 0 74 75 1 1 75 0 75 0 74 1 74 1 74 0 1 0 74 1 74 74 1 75 0 1 74 75 1 1 74 1 74 0 1 0 75 74 0 1 0 1 75 0 75 0 0 1 74 75 1 0 74 0 0 1 0 1 1 75 74 74 74 0 75 75 75 0 74 74 74 74 1 1 75 75 0 1 74 0 75 0 75 0 0 0 0 1 74 74 1 0 75 74 1 75 1 0 74 74 1 74 0 75 75 75 75 1 75 74 74 0 75 0 75 1 74 0 1 0 75 74 75 75 75 74 74 75
2 62 0
75 96 53 74 23 12 49 88 19 14 58 59 65 45 94 71 33 98 3 89 31 51 40 50 55 57 46 4 13 23 1 37 62 83 75 40 55 76 43 2 81 74 46 20 20 84 73 38 75 15 11 21 45 4 33 24 72 53 16 89 70 17 14 2 58 5 87 64 44 40 4 22 51 57 1 22
2 1 2
144 82 72 62 85 63 78 67 99 83 91 64 97 79 51 58 60 81 94 59 64 64 76 84 93 68 64 85 73 76 78 89 87 77 60 50 74 56 84 81 95 89 76 65 65 95 72 94 50 55 50 86 85 100 66 79 80 56 60 56 66 85 93 53 88 87 56 92 53 67 72 67 63 68 74 89 90 77 76 66 77 87 53 67 64 51 100 100 90 57 85 92 88 81 93 62 56 93 61 89 79 50 50 96 93 72 96 80 70 92 58 97 99 57 50 72 91 87 92 57 65 72 76 77 74 60 90 81 88 68 55 53 71 51 62 51 78 92 81 63 51 59 95 74 63
166 85 75 54 49 52 59 92 63 89 83 92 60 89 79 49 48 83 51 79 57 76 90 54 88 89 68 49 51 57 50 81 58 82 89 63 61 70 70 58 75 66 71 87 56 66 55 50 62 48 47 64 73 76 61 68 78 49 55 74 80 73 55 89 91 70 54 76 57 51 81 73 64 61 89 53 53 67 49 58 72 86 94 78 50 85 86 92 63 52 56 57 87 92 74 54 84 54 78 50 93 64 76 49 67 59 79 63 84 81 77 80 49 55 52 75 79 91 57 62 68 54 59 94 94 50 85 55 59 65 77 81 89 92 66 84 71 68 75 86 84 50 70 62 71 57 51 76 92 84 88 74 56 79 71 66 86 63 52 84 85 55 85 54 48 83 59
107 87 59 74 70 59 75 59 78 56 60 53 48 66 46 64 48 51 74 65 54 68 54 59 79 78 45 74 82 64 59 82 55 64 73 88 70 56 44 78 57 60 50 84 67 88 86 74 87 58 55 54 45 44 88 87 47 47 83 61 51 51 48 59 52 56 48 61 50 58 71 69 78 64 77 63 45 84 64 75 74 66 88 82 71 77 58 44 45 82 76 80 75 61 59 50 49 67 85 57 76 83 54 67 84 60 67 81
180 68 72 52 85 25 12 94 19 21 76 30 31 44 36 28 4 8 90 97 70 72 45 40 20 85 91 51 42 80 15 22 29 51 44 1 37 21 25 56 38 3 100 7 77 62 93 37 55 55 99 1 82 3 97 0 29 34 90 58 92 77 15 10 77 95 1 20 80 16 32 35 58 16 57 96 20 94 18 2 24 73 48 21 7 86 40 76 69 63 88 90 59 12 96 8 50 40 21 91 27 97 31 64 86 54 89 75 34 93 15 30 75 34 69 1 6 98 90 79 97 89 92 51 2 52 74 9 58 21 59 15 28 14 82 24 100 74 84 18 69 29 85 43 78 16 53 22 83 77 71 86 11 13 75 76 54 38 69 25 67 41 15 25 79 87 85 3 37 51 97 0 81 24 48 72 32 56 64 100 7
101 1 0 53 1 52 52 52 0 52 53 0 1 53 0 52 52 53 1 52 53 1 1 52 0 52 52 1 52 53 53 1 0 53 53 53 1 53 1 52 1 52 53 0 0 53 0 52 53 0 1 52 52 1 1 0 0 52 52 0 1 0 53 0 1 1 53 1 1 0 0 53 1 53 53 1 0 1 52 53 52 1 1 1 1 0 1 52 52 1 1 1 53 52 53 53 1 52 52 53 53 1
111 54 54 54 54 54 54 54 54 54 54 54 54 54 54 54 54 54 54 54 54 54 54 54 54 54 54 54 54 54 54 54 54 54 54 54 54 54 54 54 54 54 54 54 54 54 54 54 54 54 54 54 54 54 54 54 54 54 54 54 54 54 54 54 54 54 54 54 54 54 54 54 54 54 54 54 54 54 54 54 54 54 54 54 54 54 54 54 54 54 54 54 54 54 54 54 54 54 54 54 54 54 54 54 54 54 54 54 54 54 54 54
121 94 94 93 0 94 1 1 1 1 94 93 0 94 0 1 94 0 94 94 94 0 1 93 94 93 0 93 0 93 94 93 93 94 0 93 94 1 93 94 94 94 93 1 0 0 94 94 94 1 94 93 94 1 1 93 1 94 94 0 1 1 0 94 0 0 1 1 0 94 93 94 93 1 0 1 94 94 1 0 0 93 1 0 0 1 0 1 0 94 1 1 93 93 93 93 93 93 0 0 94 0 94 1 94 0 0 1 0 1 0 93 94 0 0 93 93 93 0 0 93 1
155 45 34 43 44 49 42 46 62 37 36 42 42 61 50 41 46 35 45 41 60 58 60 41 42 43 53 47 44 35 61 39 52 41 47 51 34 43 58 63 33 39 60 61 49 37 51 46 57 40 66 40 54 52 40 55 53 45 62 53 37 56 34 54 47 43 60 46 40 37 33 64 34 65 49 66 41 60 54 66 39 57 36 65 45 33 52 57 36 38 60 53 56 46 44 62 63 57 60 37 37 57 60 44 54 35 65 38 45 56 64 35 43 58 55 61 55 66 44 65 58 51 60 55 66 66 36 34 36 61 56 42 43 54 58 39 39 58 53 45 61 44 45 51 44 53 47 59 40 62 35 56 48 61 59 37
166 69 73 57 72 58 93 50 57 87 55 74 83 89 54 81 88 53 77 58 90 82 73 88 61 93 79 55 59 89 58 90 79 64 90 78 93 59 71 77 85 79 76 85 63 96 51 71 83 49 56 75 61 51 91 52 74 77 77 83 56 86 83 57 67 85 82 76 91 96 86 88 83 82 49 96 50 85 77 52 93 73 74 78 70 96 78 84 52 79 79 62 85 48 48 57 73 48 91 54 51 69 63 53 63 51 53 86 95 85 53 57 88 85 73 73 68 57 55 48 50 84 58 90 95 60 63 62 71 88 75 73 67 89 59 95 84 82 60 70 71 81 72 57 66 48 76 80 67 73 84 88 89 57 82 88 57 49 78 48 77 58 65 90 83 61 89
163 82 44 49 87 68 96 14 3 16 70 72 47 8 34 91 89 50 67 12 8 98 64 86 38 17 94 87 4 41 41 57 48 24 97 26 30 9 36 34 6 57 54 29 26 67 44 45 43 78 47 8 63 9 99 62 18 100 54 33 84 45 31 21 16 81 62 24 76 51 83 85 86 12 8 97 81 65 0 63 37 62 5 30 33 89 52 56 73 79 59 47 85 48 62 17 21 94 97 65 22 16 44 100 59 78 60 20 23 18 43 66 86 97 75 11 77 29 95 31 56 18 53 27 16 93 67 12 3 75 85 63 82 57 10 16 36 51 16 33 1 40 34 2 10 62 45 66 45 23 15 83 26 77 33 81 18 20 1 36 100 89 12 97
140 0 0 0 0 0 0 0 0 0 0 0 0 0 0 0 0 0 0 0 0 0 0 0 0 0 0 0 0 0 0 0 0 0 0 0 0 0 0 0 0 0 0 0 0 0 0 0 0 0 0 0 0 0 0 0 0 0 0 0 0 0 0 0 0 0 0 0 0 0 0 0 0 0 0 0 0 0 0 0 0 0 0 0 0 0 0 0 0 0 0 0 0 0 0 0 0 0 0 0 0 0 0 0 0 0 0 0 0 0 0 0 0 0 0 0 0 0 0 0 0 0 0 0 0 0 0 0 0 0 67 0 0 0 0 0 0 0 0 0 0
43 26 96 94 100 87 41 93 25 1 61 84 62 33 31 28 5 37 13 80 40 95 23 51 54 79 82 19 13 29 68 85 73 5 2 23 60 69 13 97 39 26 50 49
2 35 55
