Case #1: 33.333333 66.666667 
Case #2: 0.000000 100.000000 
Case #3: 25.000000 25.000000 25.000000 25.000000 
Case #4: 34.666667 26.666667 38.666667 
Case #5: 33.333333 66.666667 
Case #6: 17.500000 28.125000 14.062500 24.687500 15.625000 
Case #7: 22.222222 22.222222 22.222222 -77.777778 22.222222 22.222222 22.222222 22.222222 22.222222 
Case #8: 81.609195 18.390805 
Case #9: 28.571429 28.211716 -4.522097 -4.522097 -4.522097 28.211716 28.571429 
Case #10: 14.367816 13.505747 20.402299 17.528736 12.068966 22.126437 
Case #11: 33.333333 -66.666667 33.333333 33.333333 33.333333 33.333333 
Case #12: 19.261477 3.393214 19.261477 18.363273 19.860279 19.860279 
Case #13: 44.642857 55.357143 
Case #14: 10.000000 10.000000 10.000000 10.000000 10.000000 10.000000 10.000000 10.000000 10.000000 10.000000 
Case #15: 100.000000 0.000000 
Case #16: 48.445596 16.321244 13.212435 22.020725 
Case #17: 25.000000 25.000000 25.000000 25.000000 25.000000 25.000000 25.000000 -75.000000 
Case #18: 50.000000 50.000000 
Case #19: 25.384615 26.153846 24.615385 22.307692 1.538462 
Case #20: 14.285714 14.285714 14.285714 14.285714 14.285714 14.285714 14.285714 
