Case #1: 33.333333 66.666667 
Case #2: 0.000000 100.000000 
Case #3: 25.000000 25.000000 25.000000 25.000000 
Case #4: 34.666667 26.666667 38.666667 
Case #5: 24.229391 22.437276 4.157706 25.304659 23.870968 
Case #6: 100.000000 100.000000 100.000000 100.000000 100.000000 0.000000 100.000000 100.000000 100.000000 100.000000 
Case #7: 10.000000 10.000000 10.000000 10.000000 10.000000 10.000000 10.000000 10.000000 10.000000 10.000000 
Case #8: 7.692308 92.307692 
Case #9: 10.800344 12.306368 16.523236 14.716007 18.330465 15.619621 11.703959 
Case #10: 16.774194 15.268817 15.268817 21.935484 11.827957 18.924731 
Case #11: 20.000000 20.000000 20.000000 20.000000 20.000000 
Case #12: 100.000000 0.000000 100.000000 100.000000 100.000000 100.000000 100.000000 100.000000 100.000000 
Case #13: 66.666667 33.333333 
Case #14: 12.649573 8.547009 8.717949 6.837607 12.649573 8.376068 12.991453 11.282051 6.495726 11.452991 
Case #15: 50.000000 50.000000 
Case #16: 100.000000 0.000000 100.000000 100.000000 100.000000 
Case #17: 100.000000 0.000000 100.000000 100.000000 100.000000 100.000000 100.000000 
Case #18: 100.000000 0.000000 
Case #19: 15.346181 14.489650 15.346181 15.132049 16.202712 23.483226 
Case #20: 0.000000 100.000000 100.000000 100.000000 100.000000 100.000000 100.000000 
