Case #1: 33.333333 66.666667 
Case #2: 0.000000 100.000000 
Case #3: 25.000000 25.000000 25.000000 25.000000 
Case #4: 34.666667 26.666667 38.666667 
Case #5: 18.013468 19.360269 23.063973 39.562290 
Case #6: 12.870620 11.522911 10.175202 11.253369 10.714286 12.870620 15.566038 15.026954 
Case #7: 24.892086 22.733813 24.532374 23.812950 4.028777 
Case #8: 54.216867 45.783133 
Case #9: 22.222222 21.884384 0.000000 21.884384 0.000000 22.222222 22.222222 0.000000 0.000000 
Case #10: 10.000000 10.000000 10.000000 10.000000 10.000000 10.000000 10.000000 10.000000 10.000000 10.000000 
Case #11: 11.505792 11.312741 10.733591 10.540541 10.926641 11.119691 0.694981 11.505792 11.119691 10.540541 
Case #12: 0.000000 100.000000 
Case #13: 39.397590 40.000000 40.000000 0.000000 0.000000 
Case #14: 22.578397 23.972125 5.156794 24.320557 23.972125 
Case #15: 28.202425 0.000000 0.000000 28.571429 28.202425 0.000000 28.202425 
Case #16: 50.000000 50.000000 
Case #17: 33.333333 33.333333 0.000000 33.333333 33.333333 33.333333 
Case #18: 10.000000 10.000000 10.000000 10.000000 10.000000 10.000000 10.000000 10.000000 10.000000 10.000000 
Case #19: 5.408805 0.000000 31.069182 17.861635 31.069182 17.861635 
Case #20: 66.666667 33.333333 
