50
24
0
0
0
2 16 8
2 9 19
0
2 14 22
2 13 23
0
0
0
0
0
0
2 2 4
0
2 11 5
1 24
2 12 21
2 1 7
2 3 18
2 6 15
2 10 17
0
24
0
2 22 4
2 23 13
2 9 24
0
0
2 18 14
0
0
0
0
2 11 3
2 8 7
1 5
2 20 16
2 10 21
2 19 15
1 14
0
0
2 1 12
0
0
2 6 17
24
1 5
1 9
2 14 1
2 18 6
0
1 22
2 8 19
1 24
0
1 13
1 9
2 20 10
0
1 5
1 17
1 17
0
1 22
1 24
1 13
2 15 16
0
2 11 2
0
25
1 5
1 5
1 5
1 5
0
1 5
1 5
1 5
1 5
1 5
1 5
1 5
1 5
1 5
1 5
1 5
1 5
1 5
1 5
1 5
1 5
1 5
1 5
1 5
1 5
25
1 22
1 11
1 25
1 5
1 20
1 13
1 16
1 19
1 6
1 2
1 8
1 24
1 21
1 3
1 23
1 1
1 14
1 4
0
1 15
1 10
1 9
1 17
1 7
1 12
25
1 24
0
1 10
1 23
1 13
1 20
1 11
1 15
1 18
1 9
1 1
1 3
1 12
1 19
1 25
1 4
1 2
1 7
1 8
1 14
2 16 2
1 6
1 22
1 17
1 5
25
2 6 3
2 25 7
2 14 11
0
2 19 9
2 2 5
1 8
0
2 16 13
0
2 22 12
2 15 4
0
2 18 21
0
0
0
1 24
1 10
0
1 20
1 17
0
0
1 23
25
1 4
1 4
1 4
0
1 4
2 16 10
1 1
2 7 9
1 18
2 14 15
1 4
2 17 6
1 11
1 19
2 20 2
2 23 24
2 8 25
1 4
1 4
1 4
1 4
1 5
1 3
1 21
2 13 22
24
1 12
1 1
1 7
1 6
1 2
1 3
1 10
2 15 24
1 17
1 5
1 13
1 21
1 22
1 23
1 16
1 4
1 19
1 9
1 20
1 21
0
1 14
1 18
1 11
20
0
10 14 20 6 12 1 9 17 19 4 5
10 14 20 6 12 1 9 17 19 4 5
0
0
0
10 14 20 6 12 1 9 17 19 4 5
10 14 20 6 12 1 9 17 19 4 5
0
10 14 20 6 12 1 9 17 19 4 5
10 14 20 6 12 1 9 17 19 4 5
0
10 14 20 6 12 1 9 17 19 4 5
0
10 14 20 6 12 1 9 17 19 4 5
10 14 20 6 12 1 9 17 19 4 5
0
10 14 20 6 12 1 9 17 19 4 5
0
0
50
2 18 9
0
2 4 20
0
2 32 31
0
2 14 47
0
2 40 26
2 50 25
0
0
0
0
2 23 24
0
2 41 22
0
0
2 46 10
0
2 11 3
0
1 13
2 44 27
2 34 5
2 36 45
2 19 48
0
0
2 21 38
0
2 30 39
0
0
0
2 29 49
2 8 17
2 6 43
0
0
0
2 2 37
0
2 42 7
0
2 12 33
2 16 15
2 35 28
0
50
0
0
0
2 7 39
2 10 9
2 35 46
0
0
2 21 4
0
1 17
0
0
2 37 24
0
2 27 22
1 15
0
0
2 19 23
0
2 41 14
2 3 31
2 38 45
2 43 5
0
0
2 32 6
2 1 25
2 18 29
2 11 17
0
2 50 16
2 13 48
0
2 12 30
0
0
2 2 28
0
0
0
0
2 26 33
2 40 47
2 42 44
2 8 20
2 49 36
0
0
48
1 19
1 18
1 35
0
0
1 30
2 28 33
1 9
0
1 23
1 4
1 35
0
0
1 5
1 13
1 4
0
0
1 14
2 45 2
1 9
0
1 13
2 47 6
1 23
2 26 10
1 29
0
0
1 38
2 39 20
1 29
2 31 36
0
1 38
2 12 3
0
1 14
1 19
2 43 15
2 16 24
1 5
2 22 8
1 18
2 40 1
1 30
2 11 17
50
1 30
1 30
1 30
1 30
1 30
1 30
1 30
1 30
1 30
1 30
1 30
1 30
1 30
1 30
1 30
1 30
1 30
1 30
1 30
1 30
1 30
1 30
1 30
1 30
1 30
1 30
1 30
1 30
1 30
0
1 30
1 30
1 30
1 30
1 30
1 30
1 30
1 30
1 30
1 30
1 30
1 30
1 30
1 30
1 30
1 30
1 30
1 30
1 30
1 30
50
1 46
1 23
1 45
1 38
1 43
1 28
1 24
1 39
1 11
1 8
1 27
1 36
1 21
1 33
1 6
1 4
1 48
1 5
1 15
1 17
1 41
1 14
1 18
1 20
1 31
1 44
1 3
1 37
1 25
1 32
1 1
1 50
1 30
1 10
1 7
1 19
1 47
1 12
1 2
1 22
1 16
1 40
1 13
1 35
1 26
1 49
1 29
0
1 9
1 34
50
1 48
1 40
1 44
1 50
1 39
1 9
1 20
1 14
1 15
1 16
1 1
1 32
1 33
1 19
1 36
1 29
1 18
1 6
1 13
1 46
1 8
1 25
1 31
1 42
1 34
1 27
1 21
2 49 29
0
1 11
1 47
1 2
1 22
1 35
1 3
1 24
1 4
1 43
1 37
1 7
1 30
1 38
1 23
1 17
1 41
1 5
1 10
1 26
1 12
1 45
50
0
2 35 47
2 28 42
1 41
1 40
0
1 46
2 10 44
0
2 29 7
2 50 48
1 45
2 15 2
2 38 18
1 26
2 3 17
2 24 43
0
2 39 14
0
2 1 23
2 33 5
0
1 6
0
0
0
1 49
1 34
0
1 30
2 37 19
1 27
0
0
2 22 13
2 12 4
0
1 25
0
0
1 20
1 9
2 31 21
0
0
0
2 32 36
0
2 16 8
50
1 8
1 8
2 37 34
2 5 21
1 11
1 32
1 42
0
2 40 33
1 8
1 8
2 25 36
1 45
2 13 38
1 8
1 8
2 44 41
1 8
2 27 49
2 39 17
1 1
1 16
1 43
2 30 19
1 46
1 8
1 8
2 3 20
2 28 9
1 47
1 50
1 8
2 12 24
2 22 48
1 8
1 26
2 23 31
1 10
2 7 6
2 14 4
2 15 18
1 8
1 8
1 2
1 8
1 8
1 8
1 35
1 8
1 8
50
1 38
1 37
1 19
1 13
1 8
1 25
1 50
1 35
1 12
1 49
1 6
1 45
1 17
1 11
1 16
1 9
1 37
1 7
1 36
1 22
1 24
1 33
1 32
1 15
1 2
1 3
1 26
1 47
1 23
1 39
2 34 29
1 42
1 18
1 46
1 10
1 1
0
1 21
1 43
1 20
1 28
1 27
1 44
1 48
1 41
1 30
1 4
1 5
1 40
1 14
50
10 16 23 39 37 17 24 30 40 6 7
10 20 44 36 43 1 47 26 50 46 11
10 22 31 10 18 19 42 38 5 49 29
10 20 44 36 43 1 47 26 50 46 11
10 48 27 21 25 13 14 35 45 2 4
0
0
10 22 31 10 18 19 42 38 5 49 29
10 22 31 10 18 19 42 38 5 49 29
10 48 27 21 25 13 14 35 45 2 4
10 16 23 39 37 17 24 30 40 6 7
10 22 31 10 18 19 42 38 5 49 29
10 20 44 36 43 1 47 26 50 46 11
10 20 44 36 43 1 47 26 50 46 11
10 22 31 10 18 19 42 38 5 49 29
0
0
10 48 27 21 25 13 14 35 45 2 4
10 48 27 21 25 13 14 35 45 2 4
10 16 23 39 37 17 24 30 40 6 7
10 20 44 36 43 1 47 26 50 46 11
10 48 27 21 25 13 14 35 45 2 4
0
0
10 20 44 36 43 1 47 26 50 46 11
10 16 23 39 37 17 24 30 40 6 7
10 20 44 36 43 1 47 26 50 46 11
10 22 31 10 18 19 42 38 5 49 29
10 48 27 21 25 13 14 35 45 2 4
0
10 48 27 21 25 13 14 35 45 2 4
10 22 31 10 18 19 42 38 5 49 29
10 22 31 10 18 19 42 38 5 49 29
10 22 31 10 18 19 42 38 5 49 29
10 20 44 36 43 1 47 26 50 46 11
10 16 23 39 37 17 24 30 40 6 7
0
10 48 27 21 25 13 14 35 45 2 4
0
0
10 22 31 10 18 19 42 38 5 49 29
10 48 27 21 25 13 14 35 45 2 4
10 16 23 39 37 17 24 30 40 6 7
10 16 23 39 37 17 24 30 40 6 7
10 20 44 36 43 1 47 26 50 46 11
10 16 23 39 37 17 24 30 40 6 7
10 16 23 39 37 17 24 30 40 6 7
10 20 44 36 43 1 47 26 50 46 11
10 48 27 21 25 13 14 35 45 2 4
10 16 23 39 37 17 24 30 40 6 7
5
2 2 5
1 5
1 5
0
0
5
2 5 3
2 4 5
0
0
0
5
1 3
1 3
0
2 5 3
0
5
1 3
1 3
1 5
0
1 4
5
1 2
0
0
2 1 2
1 3
49
0
0
3 5 32 37
1 32
0
1 17
2 26 49
0
1 37
0
1 26
0
0
1 46
1 35
1 1
0
0
2 10 12
0
1 2
0
1 22
2 12 32
0
1 9
4 2 14 35 47
0
3 22 19 18
0
1 17
0
1 39
0
0
2 10 25
0
2 12 33
2 16 15
2 8 34
0
1 31
1 5
2 5 16
1 16
0
1 16
4 36 47 27 35
3 26 25 42
46
2 9 26
1 20
0
0
0
2 5 14
0
1 34
3 41 39 29
2 34 30
1 27
0
1 5
2 38 31
0
1 36
2 3 4
0
2 17 24
0
0
1 26
4 42 25 7 41
0
2 35 36
2 31 27
0
1 12
1 35
1 27
0
0
1 18
0
0
1 5
2 30 27
0
2 26 3
1 4
0
1 44
6 26 34 20 30 41 11
0
0
0
41
0
0
2 28 23
2 9 32
0
1 32
0
0
1 22
1 9
0
0
0
2 15 13
1 5
1 18
2 9 28
1 39
0
4 40 24 33 19
1 9
0
0
2 34 17
2 23 34
0
1 30
0
1 28
1 13
0
1 22
1 15
1 12
5 9 19 34 22 1
2 11 14
3 3 40 38
1 11
0
0
1 26
41
1 30
0
1 4
1 11
1 19
1 13
0
1 3
0
3 16 22 14
0
0
1 30
1 30
0
1 13
0
0
0
0
2 20 41
0
0
2 5 3
2 14 15
3 32 35 27
0
0
3 19 13 16
1 9
2 27 7
0
2 32 38
2 16 18
2 34 13
4 1 29 4 27
1 7
0
1 7
1 17
1 32
46
2 12 6
0
2 45 14
2 7 16
2 41 29
0
3 22 30 16
0
0
0
2 4 46
0
0
0
1 36
2 5 39
0
1 45
1 46
1 8
1 28
1 9
2 45 30
0
1 36
0
1 40
0
2 32 39
1 42
1 8
1 42
1 10
3 42 1 8
0
0
0
5 19 24 36 30 35
0
1 1
1 42
0
3 8 9 30
2 29 17
0
0
42
2 39 7
1 15
1 36
0
0
0
0
3 41 32 29
0
0
1 6
1 13
0
0
1 7
4 6 28 32 34
0
1 29
3 12 34 20
3 35 4 11
1 29
3 33 1 39
0
3 18 12 26
1 13
1 7
1 13
4 23 12 33 37
0
2 13 41
2 12 39
1 7
1 35
0
0
0
0
0
0
0
0
1 23
48
1 32
0
0
0
1 22
1 21
1 31
1 1
4 17 27 47 34
4 25 29 46 48
0
0
3 11 48 15
0
0
1 13
0
1 11
0
0
3 26 4 14
0
0
2 14 33
1 33
1 47
0
0
0
1 21
2 33 25
0
0
1 15
1 27
0
1 34
2 11 26
2 20 24
2 22 47
0
2 4 33
4 32 14 27 28
0
1 22
1 47
0
3 17 20 3
45
1 11
1 8
0
2 15 25
0
1 22
3 22 23 32
0
1 11
2 35 45
2 34 44
1 8
0
0
1 44
3 25 23 28
0
0
0
0
0
0
0
0
3 35 34 45
0
0
1 30
0
0
0
2 23 33
0
0
1 20
0
2 3 32
0
1 27
2 25 30
0
0
0
0
0
45
0
2 44 40
1 11
0
1 31
1 40
0
0
1 5
1 15
0
1 20
0
2 24 5
1 34
1 25
1 23
0
0
0
2 45 15
0
0
1 11
1 36
2 42 4
2 18 6
0
1 36
0
1 42
2 18 41
0
0
0
0
0
1 26
1 25
0
0
0
1 34
2 21 25
0
40
0
1 23
0
0
0
1 20
2 37 24
0
0
2 5 32
0
0
3 32 39 8
0
1 32
0
0
0
2 29 11
1 14
0
1 40
0
1 11
1 14
0
0
0
0
0
3 38 29 4
0
0
0
1 4
0
0
2 8 30
1 2
3 11 33 1
43
0
2 26 36
1 11
0
2 12 27
0
2 4 23
0
0
1 1
1 31
0
1 35
1 25
2 41 1
1 28
0
1 7
0
0
1 26
0
0
2 38 11
0
1 9
0
0
0
1 27
2 14 22
1 33
0
1 14
0
0
1 11
1 36
0
1 39
0
0
1 29
47
3 41 37 32
2 17 45
1 21
0
1 14
0
1 34
0
2 19 36
1 16
0
1 42
0
0
0
0
0
0
0
1 13
1 45
1 4
1 15
0
0
2 44 47
0
0
0
0
1 38
0
1 5
0
1 25
2 2 42
1 4
0
3 19 47 15
0
3 23 46 10
0
1 18
0
0
0
0
41
1 22
1 6
0
0
1 2
0
0
0
1 21
0
0
0
1 39
1 5
1 11
1 14
3 14 36 23
0
0
0
0
0
0
2 33 23
1 32
4 4 38 8 14
0
1 40
0
0
0
1 38
2 13 38
0
0
2 6 40
1 18
2 18 19
0
0
0
46
0
1 31
0
0
0
1 1
0
0
0
2 39 27
0
0
0
0
2 16 1
1 28
2 32 4
0
0
1 12
0
1 8
0
0
0
4 17 8 34 21
3 28 29 22
0
0
0
0
0
2 39 22
3 20 15 19
0
0
0
0
1 8
2 30 8
1 28
2 39 10
0
0
1 7
0
44
1 10
0
0
3 20 7 9
1 15
1 41
1 9
2 20 33
0
0
1 5
1 39
0
0
0
1 35
1 15
1 5
0
0
1 39
2 19 20
0
0
2 37 17
0
1 22
1 19
0
1 29
2 36 41
0
0
0
0
1 24
0
1 3
0
1 31
1 19
0
1 12
0
48
1 2
1 9
0
0
0
0
0
0
0
3 7 30 17
0
2 33 24
0
0
2 7 6
1 29
1 23
1 38
3 47 24 38
1 38
1 29
1 3
0
0
0
0
0
1 9
0
0
0
2 5 11
0
1 11
0
1 29
0
0
0
0
1 31
0
4 23 33 31 18
2 5 17
0
1 42
0
1 35
44
0
0
0
1 3
0
2 10 9
0
0
0
0
1 9
1 11
0
0
0
1 10
1 13
1 11
0
0
1 1
3 16 34 13
1 30
0
1 19
4 37 3 31 22
0
0
0
1 17
0
1 31
2 9 10
1 10
0
0
0
0
3 6 35 38
0
1 38
0
0
2 15 13
40
2 38 15
2 9 24
0
0
0
1 20
2 14 8
0
1 35
1 37
1 40
0
0
1 4
1 37
0
0
3 21 36 9
0
0
0
1 38
0
2 26 27
1 9
0
1 37
1 20
0
0
0
2 39 29
1 37
1 40
0
0
1 16
0
0
0
49
0
0
0
0
0
0
0
0
1 13
0
0
0
0
0
0
1 47
1 14
2 14 33
0
0
0
0
0
0
0
0
0
0
2 12 2
0
0
0
0
1 13
1 38
0
1 26
0
1 24
3 26 7 16
0
0
0
0
0
1 12
1 30
0
0
44
0
1 14
0
0
1 31
0
0
1 14
0
0
0
0
0
0
0
0
0
0
1 25
0
0
0
0
0
0
1 23
0
2 16 21
0
0
0
0
1 2
0
0
0
0
0
0
1 19
0
2 20 27
2 31 7
1 35
40
0
0
0
1 9
0
0
0
0
0
0
0
0
0
0
1 28
1 36
0
0
0
2 15 12
1 34
3 5 34 10
0
0
0
0
1 14
0
0
0
1 38
0
1 40
0
0
0
1 35
0
0
0
48
2 44 12
0
1 5
0
0
1 44
0
0
0
0
0
0
0
0
0
1 30
0
0
1 12
0
0
0
2 41 27
0
1 16
0
0
0
0
1 2
0
1 44
0
0
0
0
1 48
0
1 44
1 19
1 30
0
1 19
0
0
0
0
0
40
0
1 35
0
0
0
1 5
0
0
0
0
0
0
0
0
0
1 21
0
0
0
0
0
0
2 10 6
1 25
0
0
0
0
0
0
0
0
0
2 24 35
0
1 26
0
1 37
3 25 30 32
0
48
0
0
0
0
0
0
2 1 20
0
0
0
2 31 17
0
0
0
1 21
2 44 28
0
0
1 41
0
0
0
0
0
0
0
0
0
0
0
1 42
0
0
0
0
1 33
0
0
0
1 48
0
0
2 3 11
1 20
0
1 12
1 10
0
48
0
0
0
0
1 41
0
0
2 15 25
0
0
0
1 45
0
0
0
0
0
2 40 29
1 45
0
0
0
0
0
0
1 12
0
0
0
0
0
0
0
1 4
0
0
0
0
0
0
0
2 41 25
0
2 28 45
0
1 36
2 16 27
0
