50
24
2 23 22
0
0
2 24 12
2 7 4
2 11 5
0
2 20 1
2 16 18
2 15 9
0
1 2
0
2 3 19
0
0
0
2 21 14
2 17 8
0
0
2 13 6
0
0
24
0
2 5 9
2 4 13
0
1 9
2 20 14
0
0
1 1
2 16 18
0
2 8 6
2 19 21
2 22 15
2 7 3
0
0
2 11 2
0
0
2 23 10
0
0
2 17 12
24
1 11
0
1 17
0
2 1 14
2 8 7
1 23
1 23
2 13 20
1 4
0
2 18 10
1 2
1 11
0
2 19 24
0
1 4
1 15
1 2
2 22 3
1 17
0
1 15
25
1 8
1 8
1 8
1 8
1 8
1 8
1 8
0
1 8
1 8
1 8
1 8
1 8
1 8
1 8
1 8
1 8
1 8
1 8
1 8
1 8
1 8
1 8
1 8
1 8
25
1 5
1 21
1 22
1 16
1 2
1 8
1 24
1 3
1 10
1 7
1 1
0
1 25
1 19
1 6
1 12
1 11
1 17
1 18
1 4
1 9
1 13
1 20
1 15
1 23
25
1 16
1 13
1 21
1 15
2 17 9
1 25
1 14
1 10
0
1 18
1 4
1 2
1 1
1 12
1 7
1 8
1 3
1 22
1 20
1 9
1 23
1 24
1 6
1 19
1 11
25
1 21
1 19
2 25 23
2 22 15
0
0
2 4 24
0
1 8
2 13 5
0
2 16 17
0
2 12 7
1 6
2 1 20
2 2 3
0
0
1 18
0
1 11
0
2 9 10
0
25
2 6 15
1 11
2 10 17
1 11
1 11
1 5
1 11
2 9 23
1 2
1 4
0
1 19
2 25 24
1 11
1 18
1 11
2 14 16
1 11
1 11
1 22
2 20 12
1 11
1 7
2 1 3
2 8 21
24
1 15
1 13
2 2 14
1 23
1 15
1 4
1 10
1 20
1 17
1 6
1 7
1 16
1 24
1 11
0
1 18
1 19
1 1
1 22
1 9
1 8
1 5
1 12
1 21
20
0
10 5 13 10 3 17 1 7 11 4 6
0
0
0
0
0
10 5 13 10 3 17 1 7 11 4 6
10 5 13 10 3 17 1 7 11 4 6
0
0
10 5 13 10 3 17 1 7 11 4 6
0
10 5 13 10 3 17 1 7 11 4 6
10 5 13 10 3 17 1 7 11 4 6
10 5 13 10 3 17 1 7 11 4 6
0
10 5 13 10 3 17 1 7 11 4 6
10 5 13 10 3 17 1 7 11 4 6
10 5 13 10 3 17 1 7 11 4 6
50
0
0
0
0
1 4
0
0
0
0
0
2 26 50
2 31 38
0
2 13 15
2 49 34
0
0
0
2 18 35
0
0
2 24 46
2 16 25
0
2 7 5
0
0
2 6 43
2 9 22
2 27 28
0
2 44 48
2 2 14
2 1 32
2 21 11
0
2 8 19
2 17 33
0
0
0
2 10 12
2 3 29
0
2 20 47
2 40 42
2 39 37
2 41 45
0
2 36 23
50
2 2 43
0
2 39 9
0
2 4 27
1 11
2 10 32
0
2 22 23
0
1 42
2 21 28
2 8 15
2 46 33
2 18 1
2 36 13
0
0
0
0
0
0
2 44 7
0
0
2 37 3
2 19 12
2 6 11
0
0
0
2 41 50
2 24 34
2 30 35
2 31 26
0
0
0
0
2 20 48
0
0
2 25 45
0
2 47 40
0
0
2 29 14
2 38 5
2 17 49
48
2 30 11
1 9
1 38
1 26
1 42
1 46
1 47
1 33
0
1 38
1 18
1 29
2 6 36
1 15
0
1 9
1 44
0
1 47
2 10 3
1 15
2 12 41
2 19 7
2 39 28
2 48 5
0
0
1 27
0
1 18
2 21 14
2 2 16
0
1 26
2 8 40
1 46
2 17 45
0
1 27
1 33
1 29
0
2 34 4
0
1 44
0
0
1 42
50
1 46
1 46
1 46
1 46
1 46
1 46
1 46
1 46
1 46
1 46
1 46
1 46
1 46
1 46
1 46
1 46
1 46
1 46
1 46
1 46
1 46
1 46
1 46
1 46
1 46
1 46
1 46
1 46
1 46
1 46
1 46
1 46
1 46
1 46
1 46
1 46
1 46
1 46
1 46
1 46
1 46
1 46
1 46
1 46
1 46
0
1 46
1 46
1 46
1 46
50
1 33
1 11
1 16
1 32
1 22
1 38
1 35
1 42
1 37
1 49
1 7
1 50
1 8
1 41
1 36
1 28
1 40
1 43
1 5
1 19
1 14
1 45
0
1 23
1 46
1 10
1 48
1 31
1 17
1 3
1 25
1 2
1 24
1 29
1 39
1 6
1 26
1 12
1 44
1 30
1 1
1 18
1 47
1 13
1 21
1 9
1 20
1 4
1 15
1 27
50
1 7
1 34
1 46
1 6
1 11
1 5
1 25
1 48
1 12
1 39
1 15
1 24
1 36
1 33
1 38
1 2
1 31
1 45
1 30
1 9
0
1 10
1 35
1 18
1 44
1 29
1 28
1 19
1 22
1 41
1 42
1 1
1 17
1 3
1 49
1 4
1 26
1 40
1 27
1 47
1 32
1 20
2 37 21
1 14
1 8
1 13
1 50
1 16
1 21
1 23
50
1 39
2 6 21
2 40 49
0
1 34
1 31
2 11 29
2 10 50
0
0
2 19 33
1 9
2 2 25
2 32 8
1 4
2 13 23
1 30
2 7 41
1 35
1 28
1 36
0
2 43 14
0
2 15 3
1 22
0
0
2 1 12
0
0
1 46
1 45
0
0
0
2 17 44
2 47 26
0
0
2 38 37
0
2 5 20
2 24 27
0
0
1 42
2 18 16
0
0
50
1 39
2 16 47
1 48
1 39
1 39
1 39
1 39
1 39
1 35
1 39
1 42
2 23 14
2 17 32
1 7
1 50
2 20 36
2 15 18
1 4
1 5
2 12 40
2 26 25
1 39
1 6
2 22 44
1 1
1 45
1 41
1 39
1 28
1 39
1 39
2 3 19
2 21 38
2 27 11
1 39
2 34 46
1 10
2 9 43
0
2 49 29
1 39
1 39
2 8 30
1 39
1 39
2 37 24
2 13 33
1 39
1 31
1 39
50
1 42
1 5
1 14
1 49
1 23
1 45
1 25
1 39
1 12
1 37
1 19
1 6
1 15
1 30
1 2
1 40
1 34
1 43
1 22
1 46
1 48
1 24
1 29
1 17
1 27
1 36
1 10
1 35
1 50
1 16
1 26
1 38
1 44
1 46
1 9
1 1
1 8
1 31
1 13
1 28
1 20
1 41
1 32
1 21
1 18
0
2 4 7
1 11
1 3
1 33
50
10 14 11 28 42 18 6 20 45 38 39
10 4 34 9 50 48 44 37 7 13 32
10 14 11 28 42 18 6 20 45 38 39
10 29 3 22 26 24 16 8 40 49 1
10 21 10 46 25 43 36 33 35 17 2
0
10 29 3 22 26 24 16 8 40 49 1
10 14 11 28 42 18 6 20 45 38 39
10 29 3 22 26 24 16 8 40 49 1
10 4 34 9 50 48 44 37 7 13 32
0
10 21 10 46 25 43 36 33 35 17 2
10 29 3 22 26 24 16 8 40 49 1
0
10 21 10 46 25 43 36 33 35 17 2
10 14 11 28 42 18 6 20 45 38 39
10 4 34 9 50 48 44 37 7 13 32
0
10 21 10 46 25 43 36 33 35 17 2
0
10 4 34 9 50 48 44 37 7 13 32
10 14 11 28 42 18 6 20 45 38 39
10 21 10 46 25 43 36 33 35 17 2
10 14 11 28 42 18 6 20 45 38 39
10 4 34 9 50 48 44 37 7 13 32
10 14 11 28 42 18 6 20 45 38 39
10 21 10 46 25 43 36 33 35 17 2
0
10 14 11 28 42 18 6 20 45 38 39
10 21 10 46 25 43 36 33 35 17 2
10 21 10 46 25 43 36 33 35 17 2
10 29 3 22 26 24 16 8 40 49 1
10 4 34 9 50 48 44 37 7 13 32
10 29 3 22 26 24 16 8 40 49 1
10 4 34 9 50 48 44 37 7 13 32
10 4 34 9 50 48 44 37 7 13 32
10 29 3 22 26 24 16 8 40 49 1
0
0
10 14 11 28 42 18 6 20 45 38 39
10 21 10 46 25 43 36 33 35 17 2
0
10 4 34 9 50 48 44 37 7 13 32
10 29 3 22 26 24 16 8 40 49 1
0
10 4 34 9 50 48 44 37 7 13 32
10 21 10 46 25 43 36 33 35 17 2
10 29 3 22 26 24 16 8 40 49 1
10 14 11 28 42 18 6 20 45 38 39
10 29 3 22 26 24 16 8 40 49 1
5
0
2 3 4
0
1 1
1 1
5
0
0
1 2
3 5 1 3
0
5
1 2
0
1 2
1 1
1 4
5
1 3
1 5
0
1 5
1 3
5
0
1 4
1 4
1 1
1 4
50
0
0
1 32
1 47
4 24 27 15 16
3 41 26 34
3 15 25 28
1 20
2 26 29
2 37 32
3 13 31 43
1 48
0
0
2 44 17
0
0
1 25
0
0
2 39 17
2 49 45
1 32
1 20
1 44
0
0
0
0
1 20
1 26
0
2 44 16
0
2 3 27
2 19 26
0
0
1 37
2 36 16
0
2 41 50
1 29
1 16
0
2 13 29
0
1 44
0
1 49
48
0
0
0
2 42 30
0
0
2 2 5
0
2 43 37
0
3 4 16 31
0
0
0
3 5 13 45
0
0
0
0
1 45
2 20 17
0
1 42
3 34 19 12
0
1 15
2 42 13
1 17
0
2 20 25
2 7 22
1 20
3 26 3 21
1 39
1 34
2 39 43
0
1 6
1 19
0
1 1
1 30
0
3 26 5 45
0
0
3 2 1 10
3 28 3 12
41
2 28 15
1 8
1 11
1 40
2 17 7
2 13 30
0
1 32
1 14
0
1 24
1 8
2 38 24
1 6
2 30 17
2 20 6
0
1 15
1 9
2 22 11
0
0
1 34
0
0
0
1 36
1 36
1 24
0
2 13 26
0
1 23
6 41 27 4 40 38 37
0
2 41 13
1 8
0
1 13
0
0
45
1 25
1 19
1 30
0
1 42
1 42
2 15 35
1 5
2 4 5
0
3 9 34 2
2 40 23
3 23 33 19
4 27 22 4 35
0
0
3 41 15 4
0
0
0
2 2 34
0
0
1 26
1 27
2 23 45
0
0
0
1 8
3 16 25 14
0
0
2 20 6
1 4
1 23
2 39 14
0
0
1 28
0
0
2 15 28
1 26
0
43
0
1 19
1 16
1 13
1 12
2 11 10
2 23 12
0
0
2 21 7
0
3 43 15 40
0
0
2 36 31
0
0
1 28
1 16
2 1 34
0
1 1
0
4 36 23 35 3
4 15 9 43 11
1 39
1 32
1 16
0
0
0
0
4 29 28 19 9
1 16
3 40 43 39
0
0
0
1 11
1 16
1 11
1 28
0
44
0
1 39
1 42
1 44
1 42
0
0
0
0
1 13
0
0
2 26 36
0
0
0
1 5
1 8
1 43
2 36 41
0
0
1 27
2 15 39
1 26
0
1 3
2 44 34
1 4
4 6 8 38 9
2 43 41
3 1 19 39
0
1 26
6 36 26 2 34 5 1
1 42
2 26 44
1 5
1 26
0
3 21 11 16
0
0
0
40
1 14
1 18
1 6
0
1 1
1 7
1 40
0
0
1 8
0
1 7
4 38 8 1 18
0
3 29 33 11
2 28 31
1 22
1 14
2 26 30
0
0
0
0
0
2 11 1
1 7
0
1 11
0
0
3 29 7 22
0
1 14
2 8 6
4 37 10 25 33
2 3 1
1 7
0
2 21 38
0
50
1 50
0
1 43
0
0
0
0
3 33 36 37
2 50 21
1 25
1 36
0
0
1 19
1 24
3 7 5 14
0
2 9 38
0
2 24 9
0
2 36 2
0
0
0
0
2 48 21
0
0
0
0
0
0
2 2 49
1 5
0
0
0
1 37
1 29
0
0
0
3 41 47 43
1 26
0
1 38
0
1 17
0
42
0
0
0
0
0
0
0
3 29 16 3
1 16
0
2 23 1
0
1 25
2 25 42
0
1 19
1 42
0
0
0
2 3 39
1 25
0
1 39
0
2 13 2
0
1 13
0
2 37 14
2 1 28
0
0
0
1 21
1 1
0
2 10 18
0
1 13
0
1 19
42
1 5
0
1 17
0
0
1 28
1 1
0
3 23 11 41
3 20 12 8
1 41
0
1 27
0
2 33 22
3 38 34 8
0
3 14 1 17
0
0
0
0
0
0
0
0
0
1 31
3 20 13 5
0
0
0
0
0
0
0
1 34
1 40
0
1 34
0
1 12
48
0
0
0
1 31
0
2 31 34
0
1 38
1 43
0
0
0
2 8 38
1 25
0
0
0
0
0
0
2 36 48
0
0
2 10 44
4 9 6 11 7
3 7 4 42
1 28
1 8
1 20
0
0
1 10
0
0
0
0
1 16
0
1 17
2 11 37
0
0
0
1 10
2 9 48
0
0
2 10 30
43
0
0
0
0
2 8 4
2 29 21
0
1 6
0
1 21
1 29
0
1 17
1 28
0
0
0
3 40 37 24
0
0
0
0
3 28 37 16
1 37
0
0
1 9
0
0
0
0
0
1 15
1 24
1 26
2 12 21
0
1 2
1 42
3 15 41 24
0
0
1 28
49
0
1 42
2 20 28
0
0
0
0
0
2 15 31
0
1 35
0
0
2 35 1
0
1 13
0
0
1 23
0
0
1 11
0
1 43
1 8
1 1
0
0
2 3 8
1 37
2 11 17
2 45 20
0
2 2 28
2 5 48
0
1 31
0
0
2 45 31
0
0
1 19
2 35 23
0
1 21
0
0
0
48
3 29 25 44
1 19
1 28
0
0
0
1 26
1 15
0
1 32
0
2 38 46
0
1 16
0
2 9 4
1 9
0
2 46 47
0
2 40 34
0
0
0
0
0
0
1 43
1 48
0
0
0
1 25
0
0
0
4 17 28 39 44
0
1 15
1 27
1 35
2 43 11
1 40
1 23
0
0
0
0
50
2 41 26
0
1 40
0
0
2 20 10
0
2 39 29
0
0
0
0
1 40
2 9 20
0
1 49
1 4
1 26
2 27 32
1 39
0
0
0
1 21
1 16
1 5
0
0
1 44
2 3 25
2 40 18
0
1 35
0
3 50 7 40
1 39
0
0
0
0
1 32
0
1 33
0
0
0
1 34
0
0
1 16
44
2 21 6
0
0
3 29 44 5
0
0
0
3 22 38 9
2 36 42
0
0
1 10
1 23
2 25 5
0
1 31
2 37 25
1 31
0
3 6 9 24
0
0
0
1 29
1 16
1 17
0
0
0
0
0
1 22
1 22
0
0
0
0
0
1 41
1 43
0
0
0
1 19
47
1 13
1 11
0
0
0
1 3
2 36 24
1 4
0
0
2 47 1
0
0
0
0
0
2 41 39
1 35
0
0
0
1 27
1 9
0
2 44 14
1 39
1 39
0
3 23 10 47
1 47
1 13
0
3 43 24 41
1 44
2 3 9
0
0
0
0
1 23
0
0
0
0
1 10
0
1 27
43
0
1 22
1 8
1 6
1 43
0
1 16
0
1 18
1 17
0
2 25 37
0
0
4 26 28 17 42
0
0
0
0
1 11
0
1 30
0
1 27
0
0
1 14
1 30
2 9 1
0
1 17
1 11
1 16
1 33
0
0
0
1 14
1 12
0
2 13 20
0
0
48
0
0
0
1 30
0
0
0
0
1 46
0
0
1 10
0
1 15
0
0
1 14
0
0
0
0
1 35
0
0
1 28
0
0
0
0
1 43
0
1 27
2 15 24
0
0
0
1 27
0
1 10
1 33
0
1 26
0
1 45
0
0
0
0
45
0
0
0
0
0
1 18
0
0
1 37
1 36
0
0
0
0
0
0
1 42
0
0
1 19
0
1 18
0
0
0
0
0
0
0
0
1 9
0
0
1 1
1 11
0
0
0
1 29
1 33
0
0
1 29
2 24 29
1 29
44
1 11
0
0
1 31
2 43 2
0
0
0
0
0
0
0
1 9
0
0
1 43
2 36 25
2 42 11
0
0
2 31 32
0
0
0
0
0
0
0
0
0
0
0
1 25
0
1 7
0
0
0
0
0
0
0
0
0
48
0
0
1 48
0
0
0
1 5
2 43 35
0
0
0
0
0
0
0
0
0
0
1 47
3 15 40 17
0
0
0
0
1 41
0
0
1 16
0
0
0
0
0
1 21
0
0
0
0
0
1 17
0
3 30 48 17
0
0
0
0
1 48
0
50
0
0
0
0
0
0
0
0
0
1 21
1 18
0
1 8
1 27
0
0
0
0
1 38
0
0
0
0
0
0
0
1 33
1 45
0
0
1 30
0
1 12
0
0
0
0
0
1 35
1 10
1 11
1 49
0
0
0
1 35
1 37
1 38
0
0
49
1 48
0
0
1 9
0
0
0
1 37
0
2 35 19
0
1 23
0
0
0
0
0
1 6
0
1 8
1 40
1 29
0
0
1 14
0
0
0
0
1 6
0
1 38
0
1 9
1 5
0
0
1 3
0
0
0
0
0
0
0
0
0
0
0
47
1 2
0
1 32
0
0
1 47
0
0
1 19
1 35
0
0
0
0
2 7 26
1 45
0
0
0
0
0
0
0
0
0
0
0
1 36
1 30
0
0
0
1 31
0
0
0
1 13
1 32
0
0
0
0
0
2 7 24
0
0
0
