50
24
2 15 2
2 4 14
0
0
2 19 11
0
0
2 22 16
0
0
2 3 8
2 6 18
0
2 24 23
0
2 13 17
2 7 20
1 9
0
2 10 1
0
0
2 21 12
0
24
0
1 10
2 17 16
0
2 21 15
2 8 5
0
0
1 2
0
2 14 13
2 1 19
2 9 2
0
2 7 11
2 20 24
0
0
2 4 3
0
0
0
2 22 12
2 18 6
24
1 14
0
2 15 7
1 22
1 22
1 9
1 24
2 20 12
0
2 5 4
2 23 6
1 2
2 16 17
0
1 24
1 21
1 21
1 14
2 1 18
1 2
0
0
1 9
0
25
1 12
1 12
1 12
1 12
1 12
1 12
1 12
1 12
1 12
1 12
1 12
0
1 12
1 12
1 12
1 12
1 12
1 12
1 12
1 12
1 12
1 12
1 12
1 12
1 12
25
1 19
1 3
1 5
1 21
1 15
1 14
1 18
1 2
1 13
1 12
1 23
1 24
1 11
1 16
1 1
1 10
1 25
1 9
1 6
0
1 22
1 20
1 17
1 7
1 4
25
1 5
1 20
1 1
1 12
1 21
1 14
1 13
0
1 17
1 11
1 15
1 7
1 3
1 8
1 2
1 19
1 23
1 10
1 9
1 6
1 18
2 25 8
1 24
1 4
1 16
25
1 15
0
1 22
2 18 13
1 20
2 3 25
2 6 19
1 14
0
2 4 7
0
0
2 24 21
0
0
0
2 2 12
2 8 5
2 1 17
0
2 16 23
0
0
1 9
1 11
25
1 4
1 1
1 24
0
1 10
2 3 2
1 4
1 21
2 5 8
1 4
1 22
2 9 20
1 4
2 18 7
2 23 14
2 12 19
1 13
1 4
2 6 15
2 11 17
1 4
1 4
1 25
1 4
1 4
24
1 17
1 3
1 9
1 15
1 6
1 2
1 10
1 4
1 22
1 21
1 23
2 18 24
1 14
1 16
1 11
1 19
1 13
1 8
0
1 19
1 5
1 20
1 1
1 7
20
0
10 16 1 19 14 4 8 3 10 18 20
0
0
10 16 1 19 14 4 8 3 10 18 20
10 16 1 19 14 4 8 3 10 18 20
10 16 1 19 14 4 8 3 10 18 20
0
10 16 1 19 14 4 8 3 10 18 20
0
10 16 1 19 14 4 8 3 10 18 20
10 16 1 19 14 4 8 3 10 18 20
10 16 1 19 14 4 8 3 10 18 20
0
10 16 1 19 14 4 8 3 10 18 20
0
10 16 1 19 14 4 8 3 10 18 20
0
0
0
50
0
0
0
2 45 23
2 2 42
2 7 14
0
0
0
0
2 31 44
2 24 4
2 41 19
2 35 27
0
0
0
0
2 3 43
2 1 46
0
2 26 11
2 25 37
0
0
0
2 9 47
0
2 10 39
0
0
0
2 8 38
0
0
2 18 48
2 40 13
1 17
2 21 6
0
0
2 15 29
2 50 5
2 16 20
0
2 32 36
2 30 22
2 34 49
2 28 33
0
50
0
2 36 22
0
0
0
2 20 7
1 44
2 5 6
0
0
2 32 41
2 50 16
2 3 39
0
0
2 1 34
0
2 27 11
2 17 49
1 7
2 28 24
2 10 38
2 9 18
2 45 25
2 15 19
2 37 42
0
0
2 48 23
0
2 33 47
0
0
2 46 13
0
0
0
2 14 8
2 35 29
0
2 30 2
2 40 12
0
0
0
0
2 4 21
0
2 43 26
0
48
1 30
1 5
1 48
1 41
0
0
1 30
2 17 22
2 1 7
2 2 11
1 5
1 46
0
2 20 4
1 6
2 28 29
1 36
0
1 48
1 41
1 32
1 36
1 13
2 21 47
2 42 15
2 35 40
1 46
1 39
1 39
0
2 12 27
0
0
2 45 23
1 33
0
2 3 19
1 18
0
1 33
0
1 6
1 18
2 43 38
1 13
0
1 32
0
50
1 13
1 13
1 13
1 13
1 13
1 13
1 13
1 13
1 13
1 13
1 13
1 13
0
1 13
1 13
1 13
1 13
1 13
1 13
1 13
1 13
1 13
1 13
1 13
1 13
1 13
1 13
1 13
1 13
1 13
1 13
1 13
1 13
1 13
1 13
1 13
1 13
1 13
1 13
1 13
1 13
1 13
1 13
1 13
1 13
1 13
1 13
1 13
1 13
1 13
50
1 7
1 26
1 43
1 11
1 23
1 1
1 33
1 5
1 29
1 17
1 45
1 41
1 34
1 47
1 36
1 3
1 8
1 50
1 14
1 27
1 48
1 9
1 19
1 44
1 6
1 22
1 21
1 4
1 28
1 2
1 32
0
1 35
1 42
1 13
1 25
1 10
1 24
1 40
1 37
1 30
1 31
1 20
1 12
1 49
1 16
1 15
1 18
1 39
1 38
50
1 25
1 1
1 30
1 45
2 36 22
1 33
1 18
1 17
1 16
1 43
1 9
1 13
1 22
1 15
1 10
1 39
1 12
1 6
1 37
1 8
1 26
0
1 19
1 32
1 44
1 49
1 31
1 24
1 35
1 14
1 29
1 42
1 23
1 7
1 34
1 47
1 48
1 28
1 46
1 11
1 3
1 2
1 21
1 40
1 38
1 41
1 4
1 50
1 27
1 20
50
1 14
0
2 5 36
1 7
1 11
2 41 49
0
1 40
1 2
2 4 42
0
2 30 8
2 6 23
0
2 3 18
1 22
0
2 33 21
0
0
2 38 19
0
2 34 15
0
0
1 43
2 9 45
1 46
0
1 17
0
2 1 26
1 29
2 27 47
0
1 35
0
0
0
0
2 50 12
2 31 37
0
1 24
1 25
0
2 28 48
2 39 20
2 32 10
2 16 44
50
1 39
1 37
1 37
1 37
1 37
2 8 10
1 13
2 34 49
1 37
2 11 41
1 2
2 40 44
1 37
1 37
2 12 23
1 37
1 37
1 47
1 17
1 25
2 50 30
1 37
2 35 31
1 37
1 37
2 45 38
1 37
2 46 43
1 4
2 7 18
2 14 27
1 37
1 37
1 33
1 24
1 32
0
2 6 15
1 37
1 42
1 16
1 37
2 29 48
1 3
2 21 28
2 36 1
1 37
2 22 5
1 9
2 19 20
50
1 14
1 31
1 17
1 21
1 40
1 8
1 11
1 30
1 50
1 9
1 24
1 16
1 43
1 28
1 47
1 48
1 6
1 38
1 12
1 35
1 19
1 13
1 44
1 4
1 20
2 25 1
1 46
1 22
1 5
1 45
1 37
1 33
1 3
1 2
1 41
1 42
1 18
1 10
1 29
1 7
1 32
1 15
1 27
1 36
1 39
1 49
1 34
0
1 23
1 48
50
10 18 16 37 4 13 27 34 9 43 25
10 18 16 37 4 13 27 34 9 43 25
0
10 50 40 12 47 14 29 11 23 45 41
10 48 6 24 7 42 32 20 22 3 36
0
0
10 48 6 24 7 42 32 20 22 3 36
10 50 40 12 47 14 29 11 23 45 41
10 18 16 37 4 13 27 34 9 43 25
10 33 46 8 5 39 38 15 26 28 35
10 33 46 8 5 39 38 15 26 28 35
10 50 40 12 47 14 29 11 23 45 41
10 33 46 8 5 39 38 15 26 28 35
10 48 6 24 7 42 32 20 22 3 36
10 50 40 12 47 14 29 11 23 45 41
10 18 16 37 4 13 27 34 9 43 25
10 50 40 12 47 14 29 11 23 45 41
10 18 16 37 4 13 27 34 9 43 25
0
10 18 16 37 4 13 27 34 9 43 25
0
10 33 46 8 5 39 38 15 26 28 35
0
10 50 40 12 47 14 29 11 23 45 41
10 48 6 24 7 42 32 20 22 3 36
10 50 40 12 47 14 29 11 23 45 41
10 48 6 24 7 42 32 20 22 3 36
10 33 46 8 5 39 38 15 26 28 35
10 18 16 37 4 13 27 34 9 43 25
10 18 16 37 4 13 27 34 9 43 25
0
10 48 6 24 7 42 32 20 22 3 36
10 50 40 12 47 14 29 11 23 45 41
10 48 6 24 7 42 32 20 22 3 36
0
10 50 40 12 47 14 29 11 23 45 41
10 48 6 24 7 42 32 20 22 3 36
10 48 6 24 7 42 32 20 22 3 36
10 33 46 8 5 39 38 15 26 28 35
10 33 46 8 5 39 38 15 26 28 35
0
10 50 40 12 47 14 29 11 23 45 41
10 18 16 37 4 13 27 34 9 43 25
10 33 46 8 5 39 38 15 26 28 35
10 48 6 24 7 42 32 20 22 3 36
10 33 46 8 5 39 38 15 26 28 35
0
10 18 16 37 4 13 27 34 9 43 25
10 33 46 8 5 39 38 15 26 28 35
5
2 4 2
1 3
0
1 3
0
5
1 4
2 3 4
1 4
0
0
5
1 2
0
1 1
1 3
1 2
5
0
2 5 3
1 1
1 5
0
5
1 4
1 4
1 1
0
1 4
46
5 21 14 19 28 12
0
1 44
0
0
3 2 42 44
0
3 29 19 36
1 42
0
1 42
1 41
0
0
1 31
0
4 19 15 31 21
1 44
2 12 28
1 15
3 28 41 19
0
2 5 14
0
2 14 33
1 35
2 6 10
0
3 38 16 30
1 28
0
0
0
1 36
0
2 6 42
1 32
0
1 41
0
0
0
1 7
0
1 25
1 17
40
0
0
0
4 40 11 20 27
1 20
1 40
1 29
0
1 11
0
1 13
0
0
3 38 20 39
2 26 40
2 13 17
3 8 14 29
0
1 21
2 35 6
2 8 2
0
0
0
1 8
0
3 23 20 9
1 24
0
0
4 25 6 9 12
1 19
3 36 39 6
0
0
2 3 26
0
0
0
1 23
40
3 10 26 14
1 18
0
0
0
2 23 36
1 15
0
0
2 5 25
1 26
2 19 38
0
2 19 36
1 5
0
2 24 19
0
1 4
0
2 23 3
1 2
0
0
0
1 3
1 23
0
6 5 25 20 6 32 8
2 14 1
4 40 18 3 33
1 18
2 18 32
0
1 2
0
0
0
0
1 20
47
4 8 46 19 15
1 25
0
1 23
2 28 26
0
2 5 14
0
1 38
0
1 3
0
3 23 31 32
1 19
1 26
2 25 22
1 24
0
2 3 6
3 40 31 38
1 8
1 8
4 6 17 25 9
0
0
0
0
0
2 41 32
2 23 37
0
0
1 25
0
2 25 9
0
0
1 11
1 27
0
2 11 10
1 2
1 37
0
2 2 20
1 47
0
46
1 38
0
1 43
2 17 44
0
1 46
1 30
2 33 14
0
1 34
3 34 38 27
0
1 38
0
2 8 29
1 44
0
3 17 22 31
1 26
0
1 6
1 9
2 44 20
1 25
1 2
0
0
1 30
2 27 6
1 26
1 8
2 33 13
0
0
1 13
0
0
0
6 38 43 13 28 14 10
1 2
1 30
0
1 13
0
2 33 34
1 9
41
0
2 21 28
1 30
3 3 27 19
0
2 3 38
1 5
0
1 34
1 22
0
2 29 26
0
0
2 33 22
1 5
2 35 28
1 26
0
1 32
1 39
0
1 32
1 21
1 40
1 28
0
2 5 14
2 30 8
0
2 25 18
0
0
2 27 40
2 8 28
1 1
0
0
1 32
0
4 11 22 3 36
48
4 6 10 9 36
2 6 43
0
1 30
1 27
0
0
0
2 7 23
0
3 10 3 16
0
1 9
2 23 38
1 41
0
0
2 8 23
1 13
0
2 15 36
1 36
1 27
1 3
1 37
1 10
0
1 13
0
3 12 23 15
1 8
2 39 27
1 42
1 6
0
0
1 15
1 24
0
0
0
2 31 29
0
0
2 7 9
2 28 2
3 23 12 1
1 6
46
2 3 15
0
1 26
2 15 34
0
0
0
1 27
2 41 4
1 36
0
2 10 32
0
0
0
2 32 39
0
0
0
2 11 4
1 33
1 5
0
1 21
1 27
0
0
0
1 5
3 4 22 26
0
0
0
0
0
0
1 38
0
0
0
1 34
1 27
0
2 4 33
2 3 42
0
42
2 36 9
0
1 6
0
0
0
3 9 36 30
0
1 33
0
0
2 21 28
2 35 15
0
1 9
1 19
0
0
0
2 21 33
0
0
1 35
1 27
0
0
1 10
0
0
1 42
1 19
0
0
1 35
1 39
0
0
3 4 27 8
0
0
1 21
2 18 4
43
0
0
0
1 26
0
0
1 32
0
1 13
0
3 2 28 24
2 10 2
0
1 38
1 32
3 38 18 28
1 2
2 23 2
0
0
0
1 2
0
1 38
2 10 26
1 40
1 2
0
2 24 28
0
0
0
1 40
1 15
0
0
0
1 12
0
0
0
1 38
0
49
0
1 4
0
1 26
1 24
1 26
0
1 34
1 24
2 38 17
0
0
0
2 19 48
1 41
0
1 7
0
0
0
1 16
1 12
0
2 49 44
0
0
2 26 6
0
1 45
1 20
0
0
0
0
1 25
0
1 39
0
0
1 38
0
3 18 9 13
0
0
0
0
3 32 4 37
0
3 43 11 12
41
3 29 5 27
0
2 26 5
2 30 37
0
0
0
0
1 25
2 30 2
1 31
0
0
2 32 12
2 26 35
0
0
0
0
1 21
0
1 23
0
0
2 38 36
1 31
1 13
1 22
0
0
0
0
0
0
3 33 26 18
1 37
0
0
0
1 38
0
50
0
1 20
1 5
0
0
0
3 30 6 44
0
1 30
2 34 20
2 17 25
0
0
1 34
0
0
1 24
0
2 37 18
0
0
1 32
0
0
0
0
1 50
2 11 3
0
0
0
1 39
0
0
1 14
2 5 30
1 26
0
1 47
1 17
3 46 26 31
1 27
2 39 24
0
1 15
0
0
0
1 31
0
40
0
0
3 26 22 11
1 20
0
1 7
0
1 15
0
0
1 18
0
1 32
2 20 13
0
2 23 30
2 22 7
1 2
0
2 7 18
0
1 13
3 2 13 34
1 29
0
0
0
1 17
0
0
1 1
0
0
1 32
1 36
0
0
0
0
0
46
1 25
0
0
0
0
0
0
0
2 23 19
0
1 2
1 38
0
1 29
0
0
1 44
0
0
1 24
1 34
0
0
0
0
1 14
0
0
2 41 25
0
4 18 2 4 46
0
1 16
1 32
1 17
1 31
2 16 28
0
2 24 11
1 44
1 23
2 25 12
0
2 43 34
0
0
48
3 21 18 3
0
0
0
1 18
1 16
0
0
0
0
1 22
2 28 22
1 15
1 24
1 9
1 22
1 11
1 11
1 44
0
0
0
3 39 18 32
0
0
2 22 11
0
1 39
1 35
0
0
0
0
1 24
0
2 32 35
0
1 15
0
0
1 16
2 5 10
0
1 25
0
1 21
0
1 24
41
2 4 6
0
1 32
1 22
1 15
0
0
1 24
0
2 8 20
0
0
0
0
2 20 34
0
1 12
0
4 12 34 9 1
1 9
0
0
0
0
0
3 31 3 27
0
0
0
1 34
0
0
1 8
0
1 32
1 2
0
1 30
2 18 29
0
1 7
48
0
1 28
1 38
1 41
0
4 48 12 20 25
0
0
1 44
4 47 36 44 9
1 9
1 29
1 36
0
0
1 38
0
0
1 30
0
0
1 20
2 37 11
2 34 26
1 45
0
1 43
0
0
0
1 5
0
1 35
0
1 16
0
0
0
0
0
0
1 28
1 38
0
0
2 15 1
0
1 13
43
0
0
0
1 17
1 24
0
1 16
0
1 27
0
0
0
1 23
1 42
1 42
0
1 3
0
0
0
0
0
0
0
0
1 29
0
0
0
0
1 41
0
2 25 36
0
0
0
0
1 19
0
0
1 4
0
0
42
0
0
0
0
0
0
0
1 36
0
0
0
1 11
0
0
0
0
1 9
0
0
1 24
0
1 15
0
0
0
2 25 28
1 28
0
0
0
0
0
1 5
0
0
0
0
0
2 32 4
1 22
0
2 24 20
44
0
2 39 31
0
0
0
1 34
0
2 13 1
1 34
0
0
0
0
0
0
1 23
0
0
0
0
1 30
0
0
1 38
0
0
0
0
0
0
0
0
0
0
0
2 3 9
1 4
0
1 30
0
0
0
0
1 40
49
0
1 34
0
0
0
0
0
2 24 31
0
0
0
0
0
0
1 27
1 13
0
0
0
0
1 7
0
1 15
1 41
0
0
0
0
0
0
0
3 45 17 5
0
0
0
0
0
2 42 12
1 25
0
0
0
0
1 36
0
0
1 6
0
0
44
1 11
0
0
0
0
0
0
0
1 14
0
0
0
1 5
0
0
0
0
0
1 39
0
2 25 42
0
0
1 22
0
0
0
1 11
0
0
0
0
0
0
0
1 30
0
1 6
2 15 17
0
0
0
0
2 6 15
42
0
0
0
0
0
2 40 30
0
0
1 32
0
1 10
0
0
1 32
0
1 17
0
0
0
0
0
0
0
1 17
0
0
1 2
0
0
1 25
1 25
1 15
0
0
0
0
0
0
1 42
0
2 36 38
0
43
0
1 20
0
0
0
0
0
1 42
0
0
1 31
0
0
1 18
0
0
0
0
0
0
0
0
1 25
0
0
0
0
1 18
0
0
0
0
0
1 12
2 17 20
1 4
1 5
1 2
0
0
0
0
2 34 37
