50
24
2 23 15
2 13 18
2 14 6
0
0
2 24 1
2 12 22
2 19 16
0
2 5 7
0
0
0
0
1 21
2 11 2
2 4 8
2 9 3
0
0
0
2 20 17
0
0
24
2 24 18
0
0
2 9 5
2 16 19
0
0
0
0
0
2 6 4
1 14
0
1 3
2 10 23
0
2 13 21
2 2 15
2 8 20
2 22 17
2 7 1
0
2 12 14
0
24
1 4
1 8
1 10
0
1 21
2 2 11
2 20 19
0
1 4
0
1 8
1 13
0
2 15 3
1 10
2 18 12
2 5 22
1 13
1 23
1 23
0
1 21
0
2 9 1
25
1 14
1 14
1 14
1 14
1 14
1 14
1 14
1 14
1 14
1 14
1 14
1 14
1 14
0
1 14
1 14
1 14
1 14
1 14
1 14
1 14
1 14
1 14
1 14
1 14
25
1 8
1 16
1 17
1 23
1 9
1 22
1 5
1 15
1 25
1 4
1 18
0
1 12
1 24
1 20
1 13
1 10
1 6
1 14
1 19
1 1
1 21
1 11
1 7
1 2
25
1 8
1 18
1 23
1 12
1 13
0
1 25
1 21
1 16
1 7
1 17
1 6
1 11
1 20
1 22
1 19
1 10
1 9
1 15
1 1
1 5
1 3
1 14
2 2 6
1 4
25
0
2 9 23
1 6
0
0
0
1 15
1 16
2 13 7
1 1
1 25
2 3 21
1 5
0
0
0
0
2 24 14
2 8 10
2 2 22
2 17 4
2 19 12
2 11 18
0
0
25
1 17
1 23
2 14 6
2 13 1
2 7 2
2 4 24
1 23
1 12
1 23
1 16
1 20
1 23
1 21
2 18 15
2 10 11
1 23
1 23
2 8 22
1 23
1 23
1 23
1 19
0
2 25 5
1 9
24
1 2
1 10
1 10
1 11
1 13
1 12
1 3
1 6
1 17
0
1 23
1 15
1 14
1 19
1 1
1 22
1 20
1 8
1 18
1 16
2 9 5
1 24
1 7
1 4
20
0
0
0
10 17 3 5 18 15 1 7 8 19 2
0
10 17 3 5 18 15 1 7 8 19 2
0
0
10 17 3 5 18 15 1 7 8 19 2
10 17 3 5 18 15 1 7 8 19 2
10 17 3 5 18 15 1 7 8 19 2
10 17 3 5 18 15 1 7 8 19 2
10 17 3 5 18 15 1 7 8 19 2
10 17 3 5 18 15 1 7 8 19 2
0
10 17 3 5 18 15 1 7 8 19 2
0
0
0
10 17 3 5 18 15 1 7 8 19 2
50
2 17 44
2 9 34
0
2 23 26
2 8 14
0
2 25 5
0
0
0
0
0
0
2 27 37
2 13 40
2 43 33
0
2 12 7
2 3 2
0
0
0
0
2 49 15
0
2 38 30
0
2 22 19
0
2 6 42
0
2 21 18
2 10 36
2 29 4
0
2 48 46
2 11 28
0
0
1 20
0
2 31 24
0
2 41 47
0
2 45 32
2 39 16
0
0
2 35 1
50
2 30 8
2 17 42
2 29 6
0
2 44 21
2 43 11
2 33 10
2 46 34
2 49 37
2 41 9
2 26 25
1 50
2 23 35
2 24 7
0
2 32 13
0
0
0
2 28 2
2 36 3
2 45 5
0
0
2 47 39
0
2 31 20
0
0
0
0
0
0
2 18 38
2 48 22
0
2 40 12
2 19 16
2 4 14
1 12
0
2 15 1
0
0
0
0
0
0
0
0
48
1 29
1 32
1 27
0
1 28
1 27
0
1 4
1 45
0
2 3 6
2 21 39
2 30 20
2 8 23
1 10
1 19
1 34
2 17 42
0
1 7
1 47
1 32
1 4
1 29
0
2 48 9
0
0
0
1 7
2 15 44
0
2 1 24
0
2 22 2
2 43 5
1 25
2 41 37
1 47
2 16 46
1 25
1 34
1 28
1 10
0
1 19
0
1 45
50
1 2
0
1 2
1 2
1 2
1 2
1 2
1 2
1 2
1 2
1 2
1 2
1 2
1 2
1 2
1 2
1 2
1 2
1 2
1 2
1 2
1 2
1 2
1 2
1 2
1 2
1 2
1 2
1 2
1 2
1 2
1 2
1 2
1 2
1 2
1 2
1 2
1 2
1 2
1 2
1 2
1 2
1 2
1 2
1 2
1 2
1 2
1 2
1 2
1 2
50
1 2
1 16
1 25
1 31
1 23
1 11
1 27
1 30
1 19
1 4
1 18
1 24
1 34
1 13
1 48
1 5
1 46
1 50
1 17
1 26
1 36
1 9
1 35
1 29
1 10
1 41
1 1
1 45
1 43
0
1 28
1 37
1 47
1 6
1 40
1 32
1 44
1 33
1 20
1 14
1 49
1 8
1 15
1 7
1 38
1 3
1 42
1 39
1 21
1 22
50
1 5
1 11
1 31
1 41
1 6
1 33
2 4 22
1 45
1 26
1 44
1 40
1 37
1 30
1 21
1 47
1 20
1 50
1 49
1 22
1 36
1 3
0
1 25
1 43
1 39
1 28
1 48
1 8
1 34
1 24
1 12
1 17
1 42
1 23
1 1
1 27
1 13
1 18
1 46
1 16
1 32
1 10
1 19
1 9
1 2
1 38
1 29
1 15
1 14
1 35
50
0
1 15
1 41
0
2 4 38
2 2 46
2 11 32
2 39 21
0
0
2 14 36
2 3 26
0
2 18 6
0
2 44 47
2 27 23
2 43 29
0
2 42 5
1 9
0
1 24
0
0
2 37 31
1 35
1 22
1 25
0
0
2 48 45
2 30 19
0
0
2 8 49
0
0
1 34
0
0
1 13
1 1
1 10
2 17 12
1 50
1 40
2 16 20
2 28 33
0
50
2 50 6
2 38 39
1 45
2 2 12
1 45
2 10 22
1 45
1 45
1 45
1 49
1 3
2 41 31
1 45
2 30 4
1 45
1 45
1 45
1 48
1 43
1 33
1 45
1 37
1 21
2 23 42
2 46 15
1 5
2 16 8
1 13
1 45
2 1 36
2 11 25
2 18 27
1 45
1 9
1 17
2 24 32
1 45
2 35 47
2 40 34
1 7
2 20 26
1 44
1 45
1 45
0
1 45
1 29
1 45
1 45
2 19 28
50
1 2
1 41
1 36
1 23
1 14
1 40
1 39
1 22
1 46
1 3
2 35 15
0
1 38
1 19
1 5
1 30
1 9
1 45
1 8
1 13
1 42
1 1
1 37
1 26
1 34
1 32
1 18
1 44
1 20
1 31
1 50
1 25
1 12
1 10
1 27
1 17
1 6
1 12
1 21
1 49
1 7
1 4
1 29
1 33
1 48
1 16
1 28
1 24
1 43
1 47
50
0
10 9 3 46 34 40 31 32 33 11 21
10 4 24 17 29 10 1 49 39 6 23
0
10 27 7 38 14 45 47 36 50 26 13
0
10 2 15 8 20 19 43 16 41 22 30
10 9 3 46 34 40 31 32 33 11 21
10 4 24 17 29 10 1 49 39 6 23
0
10 4 24 17 29 10 1 49 39 6 23
10 27 7 38 14 45 47 36 50 26 13
10 2 15 8 20 19 43 16 41 22 30
10 2 15 8 20 19 43 16 41 22 30
10 9 3 46 34 40 31 32 33 11 21
10 9 3 46 34 40 31 32 33 11 21
0
10 27 7 38 14 45 47 36 50 26 13
10 9 3 46 34 40 31 32 33 11 21
10 9 3 46 34 40 31 32 33 11 21
10 4 24 17 29 10 1 49 39 6 23
10 9 3 46 34 40 31 32 33 11 21
0
0
10 27 7 38 14 45 47 36 50 26 13
10 2 15 8 20 19 43 16 41 22 30
10 2 15 8 20 19 43 16 41 22 30
10 27 7 38 14 45 47 36 50 26 13
0
10 9 3 46 34 40 31 32 33 11 21
10 4 24 17 29 10 1 49 39 6 23
10 4 24 17 29 10 1 49 39 6 23
10 4 24 17 29 10 1 49 39 6 23
10 4 24 17 29 10 1 49 39 6 23
10 27 7 38 14 45 47 36 50 26 13
10 2 15 8 20 19 43 16 41 22 30
10 27 7 38 14 45 47 36 50 26 13
10 2 15 8 20 19 43 16 41 22 30
0
10 4 24 17 29 10 1 49 39 6 23
10 9 3 46 34 40 31 32 33 11 21
10 27 7 38 14 45 47 36 50 26 13
10 9 3 46 34 40 31 32 33 11 21
10 27 7 38 14 45 47 36 50 26 13
10 2 15 8 20 19 43 16 41 22 30
10 4 24 17 29 10 1 49 39 6 23
10 2 15 8 20 19 43 16 41 22 30
10 27 7 38 14 45 47 36 50 26 13
0
10 2 15 8 20 19 43 16 41 22 30
5
0
1 1
1 2
0
2 4 3
5
0
1 1
2 4 2
0
1 3
5
0
0
3 2 5 4
0
1 4
5
0
1 1
2 4 1
0
1 4
5
2 2 5
0
0
1 2
1 3
42
1 4
0
0
1 42
2 14 39
1 21
2 39 30
1 16
0
0
0
2 2 24
0
0
0
2 25 36
0
4 22 14 27 42
1 29
2 31 5
0
1 24
3 25 2 27
0
1 42
2 27 39
0
2 36 8
2 2 39
1 17
0
1 22
0
2 40 23
1 33
0
3 41 1 17
0
0
2 15 22
2 18 36
0
40
0
2 27 10
2 39 36
2 35 32
0
3 24 19 35
2 3 40
0
3 28 26 8
0
1 26
3 1 39 33
0
0
2 32 4
2 20 3
1 32
1 35
2 10 18
2 40 5
1 39
1 8
1 1
0
1 24
0
0
0
1 26
1 39
2 30 8
0
1 26
2 2 21
0
0
0
1 10
0
0
47
2 19 20
1 7
0
3 42 40 18
1 25
0
0
1 34
2 18 46
3 46 32 30
0
3 41 23 44
1 14
0
0
3 10 22 35
0
2 27 20
1 18
1 40
1 17
0
5 37 3 35 30 22
0
0
2 39 36
0
0
3 35 22 4
0
2 44 35
0
0
0
1 18
3 2 3 46
1 40
1 19
0
0
2 31 38
0
0
0
1 39
1 30
0
41
1 22
1 32
2 7 28
0
1 20
1 39
0
0
2 32 6
1 20
1 10
1 8
0
0
1 20
3 31 36 39
0
2 4 7
0
0
0
1 35
1 37
1 12
3 24 14 22
3 29 37 38
1 10
3 39 22 15
1 8
0
4 20 32 33 39
1 37
0
1 38
1 20
0
1 35
0
0
2 24 7
0
48
1 10
2 7 16
3 19 45 13
1 47
1 17
0
2 21 25
3 47 1 19
3 14 25 48
1 37
0
0
0
0
2 6 31
0
0
2 35 7
0
0
0
3 42 20 9
1 27
3 28 23 17
0
0
0
0
3 11 34 42
2 11 47
3 24 45 21
1 34
1 26
2 16 23
2 36 17
0
0
0
0
0
0
0
2 47 28
0
0
0
0
4 24 10 14 39
48
0
0
1 39
0
0
2 41 3
5 5 9 20 19 29
0
2 22 4
1 33
0
0
1 35
0
0
0
1 11
0
6 36 41 26 3 46 12
1 33
0
0
2 5 30
1 41
4 44 1 24 11
1 32
0
6 16 17 36 12 30 45
0
1 44
2 5 14
0
1 15
0
1 14
0
1 35
4 32 46 30 41
0
0
0
0
1 15
0
2 29 27
0
0
1 16
43
0
0
3 17 27 38
0
0
0
1 14
0
1 14
0
3 6 4 1
1 41
3 20 32 42
0
2 26 10
0
0
2 4 37
0
1 33
2 16 23
1 18
1 5
1 21
0
1 5
1 31
4 36 19 41 42
1 41
0
2 1 29
0
2 42 29
0
1 30
3 7 34 1
0
2 14 16
0
0
0
1 32
3 3 27 21
48
1 11
1 7
1 20
2 39 10
3 23 15 16
0
0
3 25 36 4
0
0
0
1 29
0
1 47
0
0
0
0
0
0
0
0
3 24 4 9
2 31 38
1 22
0
0
0
0
0
2 22 43
1 23
0
2 40 46
1 45
3 21 7 40
0
0
0
0
0
3 11 3 7
0
0
0
1 7
0
0
40
1 39
1 7
0
2 40 32
0
2 27 36
0
0
0
1 6
0
0
1 28
1 34
0
0
0
0
0
0
0
0
2 36 38
0
0
0
0
0
4 5 33 32 18
2 27 6
1 16
1 11
1 19
0
2 11 37
0
2 14 36
2 24 33
0
0
48
0
1 7
0
0
0
1 32
0
0
0
1 35
2 29 46
0
0
1 10
1 47
1 4
2 12 20
0
1 42
0
1 40
0
3 33 44 47
0
1 44
2 28 40
0
1 4
0
0
0
2 10 11
1 28
1 5
0
1 44
0
0
1 30
0
2 28 7
0
1 42
0
1 22
1 24
2 9 31
0
48
0
3 9 37 11
2 18 4
0
2 41 4
0
1 8
1 38
1 19
1 43
1 33
0
0
0
0
2 31 40
2 42 12
0
0
0
2 9 25
1 44
2 43 17
1 30
1 37
1 3
0
0
0
2 38 37
1 41
1 3
0
2 21 5
1 29
0
0
0
1 31
0
0
0
0
0
0
0
0
0
43
0
1 19
2 33 28
1 26
0
0
1 6
1 9
0
1 24
0
2 38 28
0
2 2 11
1 27
0
0
0
1 18
3 27 1 13
0
0
2 15 3
0
0
0
0
0
0
0
1 1
2 27 41
0
1 17
3 3 39 29
0
0
0
1 5
0
2 26 24
0
0
41
0
0
1 14
0
2 31 23
0
0
3 37 35 23
0
0
1 29
0
1 12
1 23
2 17 38
1 14
0
0
0
2 4 40
1 9
0
0
1 25
0
0
0
0
0
0
0
3 29 38 12
1 10
1 2
1 19
2 5 39
0
0
1 11
2 23 11
0
46
1 14
0
0
0
0
1 36
0
1 44
0
1 40
1 23
2 14 18
1 31
0
1 46
0
2 20 18
0
1 18
0
1 45
0
0
1 21
0
0
3 33 39 30
1 3
0
0
0
1 29
0
1 23
2 11 18
2 35 21
0
0
1 31
1 3
1 22
1 21
2 29 7
0
0
0
46
0
0
0
0
4 4 6 22 31
0
1 39
0
0
1 45
1 23
0
0
1 33
2 13 9
2 35 5
0
0
1 33
1 26
2 33 40
0
2 25 46
0
2 5 40
2 23 21
1 22
0
0
0
0
0
0
0
0
0
0
0
1 27
0
0
2 4 44
2 22 15
1 10
0
1 9
40
1 20
3 38 36 29
0
2 36 37
1 12
0
2 26 37
2 15 27
1 26
0
0
0
2 39 15
2 11 40
0
0
2 40 20
0
0
0
0
1 23
0
1 1
1 12
0
0
3 7 38 17
0
0
1 3
0
0
0
0
0
0
0
1 36
0
41
0
1 25
1 38
0
1 28
1 8
0
0
0
2 35 27
1 36
0
0
1 8
1 16
0
1 8
0
0
0
0
2 33 7
0
1 4
1 8
1 37
2 39 1
0
0
1 20
0
0
1 25
1 37
1 21
1 18
2 20 30
0
1 9
1 3
1 27
41
2 10 40
0
0
0
0
1 19
1 32
0
2 31 8
0
0
3 26 31 40
0
0
0
1 37
0
2 21 3
0
1 22
0
1 21
0
1 33
1 13
0
1 21
0
0
2 33 5
1 21
1 21
0
0
2 37 28
1 28
0
2 31 30
0
0
1 2
50
1 26
1 44
0
1 18
0
0
0
0
1 11
0
0
0
0
0
0
0
0
0
0
2 11 3
1 43
0
0
0
0
0
0
1 22
0
1 23
0
1 40
0
1 25
0
0
1 19
0
1 14
0
0
0
1 6
1 5
1 17
0
0
0
0
0
47
1 12
0
0
0
0
1 32
0
1 3
0
0
0
0
0
0
2 27 23
1 19
0
0
1 36
0
2 8 43
0
0
0
0
0
0
0
0
0
1 18
0
0
1 13
1 10
0
0
0
0
2 10 4
0
0
0
0
1 35
0
0
47
0
0
1 33
0
1 33
0
0
0
0
0
0
0
0
1 36
0
0
1 20
0
0
1 21
0
1 15
1 19
0
0
0
0
0
0
0
0
1 1
0
1 32
1 20
0
2 44 39
0
0
1 28
0
0
0
1 46
1 20
0
0
44
0
0
1 1
0
0
0
0
0
0
1 25
0
0
0
0
0
0
1 35
1 12
0
1 39
1 35
0
0
0
0
2 31 6
0
0
0
0
0
1 43
1 17
1 12
0
0
0
0
2 25 10
0
0
0
0
1 3
46
0
0
0
0
0
0
2 14 17
1 18
0
0
0
0
1 41
1 36
1 9
1 26
0
0
0
0
0
0
0
0
0
0
1 25
0
0
0
1 43
0
1 38
1 11
2 2 45
0
0
0
0
0
0
0
1 19
0
1 16
0
46
1 36
1 15
0
0
0
0
0
1 43
0
0
1 36
0
0
0
1 25
0
0
1 10
1 13
0
1 15
0
0
0
1 30
0
1 12
0
1 40
0
0
2 4 44
1 39
0
0
0
0
0
0
0
0
0
0
0
1 34
0
42
1 33
1 6
0
1 39
1 37
0
1 14
1 19
0
0
0
0
0
0
1 14
0
0
0
0
0
0
0
0
0
0
1 12
3 10 13 26
0
1 25
0
0
0
0
0
0
1 11
0
0
0
0
0
1 22
