50
24
2 19 23
2 4 7
2 8 21
0
0
0
2 10 20
0
0
0
2 13 1
2 9 3
0
0
0
2 24 17
2 5 18
2 15 12
0
1 22
2 14 11
0
2 6 2
0
24
2 9 6
0
0
2 13 10
2 16 4
2 18 8
0
2 7 23
0
2 11 1
0
2 3 17
0
0
0
0
2 22 24
0
2 14 5
2 2 19
0
1 24
2 21 12
1 15
24
1 23
2 17 22
0
1 6
2 16 7
0
1 24
0
2 20 12
2 18 15
2 1 14
1 8
2 19 4
1 23
1 21
1 24
1 3
1 21
1 6
1 8
0
1 3
0
0
25
1 7
1 7
1 7
1 7
1 7
1 7
0
1 7
1 7
1 7
1 7
1 7
1 7
1 7
1 7
1 7
1 7
1 7
1 7
1 7
1 7
1 7
1 7
1 7
1 7
25
1 11
1 20
1 6
1 25
1 13
1 22
1 9
1 23
0
1 8
1 17
1 21
1 2
1 15
1 4
1 12
1 14
1 10
1 7
1 16
1 24
1 18
1 5
1 1
1 19
25
1 21
1 16
2 10 18
1 18
1 9
1 5
1 15
1 2
1 14
1 11
1 13
1 19
1 8
1 1
1 6
1 17
1 23
0
1 24
1 25
1 12
1 4
1 7
1 20
1 22
25
2 24 6
0
0
0
1 11
1 20
1 9
2 23 14
0
1 15
0
2 1 25
0
2 10 16
0
2 22 19
1 13
2 8 12
0
0
2 3 4
0
2 5 17
1 2
2 7 21
25
2 15 5
0
1 14
1 2
2 3 19
1 2
1 9
1 4
1 2
2 21 25
1 2
1 17
1 22
1 2
2 20 8
1 23
1 2
1 2
2 6 11
1 18
2 16 12
1 2
1 2
2 10 1
2 7 13
24
1 9
1 18
1 16
1 17
1 7
1 21
1 14
1 1
1 13
1 20
1 22
1 19
1 15
1 8
1 4
0
1 3
1 12
1 6
1 24
1 16
1 2
2 5 10
1 11
20
0
0
10 13 2 1 7 19 6 4 15 5 12
0
0
0
0
10 13 2 1 7 19 6 4 15 5 12
10 13 2 1 7 19 6 4 15 5 12
10 13 2 1 7 19 6 4 15 5 12
10 13 2 1 7 19 6 4 15 5 12
0
0
10 13 2 1 7 19 6 4 15 5 12
0
10 13 2 1 7 19 6 4 15 5 12
10 13 2 1 7 19 6 4 15 5 12
10 13 2 1 7 19 6 4 15 5 12
0
10 13 2 1 7 19 6 4 15 5 12
50
0
0
2 9 13
2 10 32
2 19 14
0
2 46 16
2 2 47
0
0
2 49 36
0
2 15 8
2 27 33
0
2 45 4
0
2 21 25
0
0
0
0
2 42 11
2 26 35
2 12 39
0
0
0
0
2 6 23
2 43 37
2 34 31
2 40 24
0
2 29 18
2 41 7
2 20 5
0
1 38
0
0
0
0
2 17 30
0
0
2 22 48
2 1 50
0
2 28 44
50
2 35 42
0
0
0
0
2 41 9
0
2 37 31
2 33 27
2 32 46
0
2 43 15
0
2 4 44
2 5 36
0
2 3 6
2 19 20
0
2 50 38
2 47 23
0
2 2 48
2 34 17
2 13 1
2 49 14
2 45 10
0
0
0
2 39 21
0
0
0
0
2 28 18
0
1 7
0
2 22 24
0
2 29 12
0
2 11 8
0
2 30 25
0
2 16 40
0
1 38
48
0
0
2 34 15
2 13 23
2 25 11
1 2
1 40
2 16 30
1 41
0
1 39
0
1 12
0
1 31
1 14
2 48 21
0
1 1
1 26
1 29
2 9 32
1 12
1 1
1 39
0
1 10
1 10
0
1 14
0
1 41
2 6 46
1 31
2 24 19
2 28 27
1 18
2 42 7
0
0
0
1 40
1 18
2 45 20
1 26
1 2
2 43 37
1 29
50
1 18
1 18
1 18
1 18
1 18
1 18
1 18
1 18
1 18
1 18
1 18
1 18
1 18
1 18
1 18
1 18
1 18
0
1 18
1 18
1 18
1 18
1 18
1 18
1 18
1 18
1 18
1 18
1 18
1 18
1 18
1 18
1 18
1 18
1 18
1 18
1 18
1 18
1 18
1 18
1 18
1 18
1 18
1 18
1 18
1 18
1 18
1 18
1 18
1 18
50
1 18
1 11
1 42
1 15
1 16
1 30
1 4
1 14
1 13
1 25
1 41
1 32
1 34
1 5
1 23
1 19
1 38
1 8
1 46
1 36
1 17
1 35
1 33
1 2
1 49
1 27
1 40
1 44
1 28
1 31
1 3
1 7
1 39
1 29
1 45
1 37
1 10
1 47
1 22
1 20
1 12
1 24
1 50
1 43
1 1
1 48
0
1 9
1 6
1 21
50
1 5
1 27
1 47
1 39
1 12
1 1
1 41
1 4
1 31
1 36
1 23
1 45
1 33
1 37
1 40
2 19 21
1 48
1 2
1 26
1 50
0
1 30
1 8
1 6
1 43
1 46
1 11
1 13
1 21
1 14
1 44
1 29
1 34
1 32
1 9
1 15
1 28
1 7
1 22
1 18
1 35
1 3
1 20
1 25
1 42
1 17
1 10
1 49
1 38
1 24
50
0
1 45
2 27 10
1 7
2 14 8
1 13
0
1 11
2 5 16
2 22 46
0
0
0
1 26
0
2 34 17
2 42 15
0
2 3 39
1 41
0
2 31 29
0
0
0
0
2 47 33
2 25 44
1 49
2 23 38
1 21
1 12
2 6 20
1 24
2 36 30
1 1
2 50 35
0
2 37 9
0
0
0
1 18
0
0
2 2 28
2 43 4
1 40
0
2 32 48
50
1 44
2 43 41
1 7
2 31 36
2 25 13
1 44
1 44
1 44
1 1
1 8
2 15 20
1 44
2 23 19
1 21
1 48
2 47 40
2 35 33
2 5 16
1 45
1 29
1 44
1 44
1 6
1 26
2 3 14
1 44
2 2 11
1 44
1 44
2 42 18
2 50 10
1 22
1 44
1 44
1 44
2 38 39
1 44
1 28
2 37 49
2 32 17
1 12
2 27 4
1 34
0
1 44
1 44
2 9 24
1 44
1 44
1 46
50
1 24
1 11
1 42
1 47
1 22
1 12
1 9
1 20
1 28
1 14
1 3
1 19
1 6
1 23
1 49
1 43
2 36 7
1 13
1 8
1 44
1 37
1 41
1 25
1 48
1 33
1 1
1 2
1 18
1 10
1 4
1 5
1 46
0
1 50
1 40
1 38
1 45
1 15
1 26
1 32
1 30
1 31
1 29
1 34
1 27
1 16
1 39
1 33
1 21
1 35
50
0
0
0
10 18 40 16 14 10 41 13 48 31 8
10 29 6 49 20 47 7 9 32 44 4
10 18 40 16 14 10 41 13 48 31 8
10 18 40 16 14 10 41 13 48 31 8
10 22 21 28 27 15 26 46 30 42 38
10 18 40 16 14 10 41 13 48 31 8
10 22 21 28 27 15 26 46 30 42 38
0
10 29 6 49 20 47 7 9 32 44 4
10 22 21 28 27 15 26 46 30 42 38
10 22 21 28 27 15 26 46 30 42 38
10 39 23 11 3 19 17 1 2 36 45
10 22 21 28 27 15 26 46 30 42 38
0
10 22 21 28 27 15 26 46 30 42 38
0
10 18 40 16 14 10 41 13 48 31 8
10 39 23 11 3 19 17 1 2 36 45
10 39 23 11 3 19 17 1 2 36 45
0
10 29 6 49 20 47 7 9 32 44 4
10 29 6 49 20 47 7 9 32 44 4
10 39 23 11 3 19 17 1 2 36 45
10 39 23 11 3 19 17 1 2 36 45
10 39 23 11 3 19 17 1 2 36 45
10 18 40 16 14 10 41 13 48 31 8
10 39 23 11 3 19 17 1 2 36 45
10 22 21 28 27 15 26 46 30 42 38
10 18 40 16 14 10 41 13 48 31 8
10 29 6 49 20 47 7 9 32 44 4
10 29 6 49 20 47 7 9 32 44 4
10 29 6 49 20 47 7 9 32 44 4
0
10 29 6 49 20 47 7 9 32 44 4
10 39 23 11 3 19 17 1 2 36 45
0
10 22 21 28 27 15 26 46 30 42 38
10 22 21 28 27 15 26 46 30 42 38
10 39 23 11 3 19 17 1 2 36 45
10 29 6 49 20 47 7 9 32 44 4
10 18 40 16 14 10 41 13 48 31 8
0
10 39 23 11 3 19 17 1 2 36 45
10 18 40 16 14 10 41 13 48 31 8
10 22 21 28 27 15 26 46 30 42 38
10 18 40 16 14 10 41 13 48 31 8
10 29 6 49 20 47 7 9 32 44 4
5
0
1 4
1 4
0
2 1 3
5
2 4 3
1 3
0
0
1 3
5
0
0
2 5 2
2 2 5
0
5
1 5
1 5
0
2 2 5
0
5
2 4 5
0
2 4 5
0
0
46
0
0
2 21 1
3 1 41 27
4 30 44 21 39
4 13 32 39 2
0
2 45 1
3 12 29 22
1 39
0
1 7
0
2 7 33
0
0
0
1 31
0
0
0
1 34
1 29
0
0
1 42
1 24
0
0
0
0
1 20
1 42
1 21
4 41 1 10 16
1 44
1 24
0
0
2 5 12
1 17
1 1
2 27 42
0
0
4 3 19 31 7
40
2 36 25
1 37
0
4 38 22 33 21
1 25
0
1 8
1 15
1 18
1 27
1 27
0
0
1 15
0
1 10
3 27 24 38
3 10 27 21
1 4
3 3 7 17
0
2 6 13
5 26 9 28 16 8
0
0
0
2 15 25
0
0
1 14
0
0
1 32
1 21
2 15 22
0
0
0
1 24
0
48
2 4 19
0
2 41 4
1 40
0
2 31 12
5 11 1 43 44 22
1 44
1 27
1 47
0
2 36 41
0
3 10 39 33
0
0
0
0
0
0
0
0
4 40 37 22 2
1 46
2 21 4
2 22 33
2 19 20
0
1 47
1 7
1 19
2 15 47
0
0
0
2 13 15
0
3 8 33 21
0
0
0
0
1 19
1 32
2 22 44
2 21 13
0
1 28
44
1 11
3 20 16 5
1 11
0
0
3 15 16 24
2 3 32
2 26 11
1 33
3 34 32 19
0
1 30
2 33 2
3 35 44 38
0
0
2 24 6
0
0
1 21
1 15
1 20
0
2 29 15
2 10 19
0
1 18
1 32
0
0
0
0
2 31 41
0
0
2 38 12
0
1 29
0
2 12 35
0
1 1
3 3 32 44
0
41
2 6 13
1 4
2 28 10
2 19 36
2 2 9
0
2 30 28
2 11 19
0
0
0
0
0
1 30
1 4
0
0
1 29
0
2 13 6
1 20
1 38
1 36
0
2 9 17
0
0
1 6
1 36
0
1 3
1 24
1 36
2 5 29
1 4
1 19
0
5 32 16 8 2 23
0
3 19 15 4
1 10
49
1 21
0
0
0
4 36 45 48 24
0
0
0
0
0
0
2 5 4
1 39
4 22 44 19 5
0
0
0
0
0
3 36 16 3
1 16
2 18 42
1 7
0
2 24 46
2 43 42
0
1 24
1 1
2 2 23
2 2 12
1 45
4 49 26 21 39
2 24 27
1 30
0
0
1 7
0
2 30 16
1 45
0
2 16 10
1 9
0
0
2 23 7
1 39
2 11 42
46
0
0
3 17 14 33
4 19 33 17 18
0
1 15
3 30 45 10
2 32 45
0
1 11
0
0
1 42
1 41
3 24 9 30
1 12
1 5
1 1
0
1 33
0
1 45
4 20 21 32 43
1 21
1 42
0
1 9
2 29 30
1 35
1 46
3 35 19 14
0
1 24
2 11 12
0
2 43 33
0
2 12 13
0
0
1 5
0
0
0
0
0
46
1 27
0
2 24 4
1 21
0
3 23 27 29
0
2 46 45
1 38
0
0
0
0
1 5
1 44
1 2
0
1 7
1 11
0
0
0
2 13 18
2 22 16
0
1 40
0
0
1 36
1 29
1 36
0
1 8
0
3 36 46 20
0
0
1 5
0
0
0
0
1 41
0
1 12
0
41
0
1 17
0
0
0
0
1 28
1 31
2 22 41
0
0
1 2
1 18
0
1 28
1 17
1 10
0
2 32 14
1 32
0
0
0
4 31 36 33 35
0
0
0
0
0
0
0
0
1 23
2 8 20
0
0
0
2 24 4
1 18
2 18 19
2 2 29
40
0
0
0
1 17
1 35
1 17
0
1 19
1 27
0
2 2 12
0
0
1 33
0
1 13
0
0
1 13
0
0
0
1 10
1 3
1 7
1 11
0
3 24 11 29
0
1 2
0
0
0
2 25 21
0
1 19
3 6 29 15
0
2 34 29
0
43
0
1 8
1 4
0
0
0
2 43 32
0
2 42 30
1 25
0
0
1 5
0
1 26
0
1 21
2 11 32
1 8
0
0
1 24
0
2 12 1
0
0
0
1 11
0
0
0
0
2 11 30
2 29 21
1 21
0
2 23 29
0
0
2 25 39
0
0
2 42 25
49
0
1 4
5 10 15 28 17 39
1 30
0
0
2 27 31
0
0
1 9
3 3 36 41
0
0
0
0
2 23 21
0
0
1 12
0
0
0
0
2 10 39
1 14
1 23
3 21 12 9
0
0
0
0
1 11
0
0
1 40
0
0
1 18
0
2 46 41
0
1 21
0
0
1 27
0
1 23
0
1 27
45
1 5
0
0
1 36
0
1 36
0
0
0
1 6
0
1 16
0
2 32 29
0
0
0
3 35 15 13
2 35 27
2 36 21
1 11
1 28
0
0
0
0
1 16
0
1 15
1 10
0
1 42
0
1 41
1 27
0
1 13
0
2 1 5
2 2 14
0
0
2 37 34
0
1 23
47
0
1 29
0
0
0
0
0
2 40 12
0
0
2 19 47
0
0
1 1
0
1 4
1 26
0
1 18
1 40
1 10
1 35
1 44
0
1 30
2 44 18
3 3 36 32
3 7 45 15
0
1 12
1 26
0
1 30
0
1 5
1 3
2 23 46
0
1 32
0
0
1 23
0
0
0
0
0
47
0
0
0
0
0
0
0
1 46
0
0
1 5
1 39
0
0
0
1 19
0
0
0
3 2 25 12
1 37
3 37 1 7
0
1 14
2 38 42
1 15
0
0
1 45
0
2 16 40
2 12 10
0
0
0
1 8
0
2 44 19
0
1 17
1 1
1 36
0
2 47 15
2 32 12
1 5
0
41
0
1 25
3 5 33 22
0
0
0
0
0
0
0
1 31
2 25 22
0
3 29 28 19
1 29
1 30
0
0
0
2 41 4
1 41
0
0
0
1 6
2 19 25
0
0
0
0
0
0
1 7
1 25
0
2 29 21
2 30 19
2 10 30
1 30
0
0
41
0
1 7
1 23
0
0
2 35 25
1 9
0
0
0
2 29 19
2 27 23
1 26
0
0
1 29
0
0
0
1 13
0
0
0
1 17
0
1 2
0
1 7
1 37
4 21 19 9 17
0
1 37
2 8 39
1 7
1 26
1 29
0
0
0
1 3
0
46
1 39
0
0
0
0
1 39
1 28
1 25
1 44
2 24 44
0
0
0
3 39 17 44
0
0
0
1 38
1 29
0
1 34
0
1 14
3 31 41 44
2 21 17
0
0
0
1 41
1 44
5 36 32 28 34 7
0
1 35
0
0
0
0
0
0
0
0
1 3
2 7 44
0
0
0
43
0
1 31
0
1 31
2 4 9
2 42 15
0
0
0
1 42
0
0
0
0
1 18
0
0
0
0
1 13
0
0
0
1 7
0
0
0
0
1 23
0
0
0
0
0
0
0
0
1 7
0
0
1 31
0
1 5
48
1 33
0
0
0
0
1 4
0
0
2 33 32
0
0
0
2 44 45
2 32 21
0
1 34
0
0
0
0
0
0
0
0
0
0
0
0
2 32 15
0
0
0
0
0
0
4 13 4 23 45
0
0
0
0
1 28
0
0
0
0
0
0
0
41
0
0
0
0
0
1 32
0
0
0
0
0
1 19
0
1 18
0
0
0
0
0
3 12 35 5
0
0
1 9
0
0
0
1 38
0
0
0
1 26
1 5
0
1 39
1 5
0
0
0
0
1 7
0
43
1 4
0
0
0
0
0
1 5
0
1 1
0
0
0
1 34
0
0
0
0
0
0
0
0
0
0
0
0
0
0
1 8
1 43
0
0
1 22
2 14 36
1 26
0
0
1 9
0
1 5
1 11
0
1 26
0
49
0
1 26
0
0
1 35
0
0
0
2 15 27
3 24 38 45
0
1 1
0
0
0
0
0
1 1
0
0
0
0
0
1 36
1 43
0
0
1 41
0
0
0
0
0
0
0
0
0
0
0
0
1 22
2 7 22
0
0
0
0
0
1 1
0
41
0
0
0
0
0
0
2 6 10
1 20
0
0
1 31
0
0
0
1 10
0
0
1 24
0
0
0
0
0
0
0
0
0
0
2 8 2
2 31 2
0
0
0
0
0
1 25
1 3
0
0
0
1 23
48
1 24
2 6 9
0
1 36
0
0
0
0
0
1 42
0
1 17
0
1 38
0
1 24
0
1 30
0
0
0
0
0
0
0
0
1 32
0
0
0
1 47
0
0
2 17 6
0
0
1 38
0
0
0
1 20
0
0
0
1 15
0
0
0
