20
2 5
0.600000 0.600000
1 20
1.000000
3 4
1.000000 0.900000 0.100000
3 42
0.000007 0.000003 0.000002
3 4
0.999999 0.999999 0.563676
3 42
0.999999 0.999999 0.999998
3 17
0.413811 0.809166 0.396588
3 5
0.922091 0.040494 0.505648
2 4
0.000009 0.000002
3 10
0.891176 0.034442 0.998798
2 7
0.968574 0.019861
3 100
0.657627 0.024188 0.866374
1 3
0.000005
3 10
0.881467 0.851790 0.167586
3 10
0.109791 0.949648 0.070269
2 60
0.664106 0.061224
2 7
0.137885 0.908226
2 3
1.000000 1.000000
1 4
0.999998
2 5
0.690751 0.811974
