20
2 5
0.600000 0.600000
1 20
1.000000
3 4
1.000000 0.900000 0.100000
1 4
1.000000
3 42
1.000000 0.999998 0.999998
3 4
0.999999 0.999999 0.485858
2 7
0.996282 0.030933
1 3
0.000003
3 10
0.828911 0.894952 0.139249
3 10
0.981886 0.054787 0.897013
3 10
0.185894 0.958683 0.156264
2 7
0.074367 0.841538
2 60
0.175228 0.071975
3 42
0.000005 0.000005 0.000008
3 100
0.052827 0.954622 0.265923
3 5
0.203248 0.981524 0.498114
2 5
0.496694 0.931457
2 3
0.999999 0.999999
2 4
0.000002 0.000001
3 17
0.282430 0.831649 0.161806
