1
2
3
4
5
6
7
8
9
10
12
13
14
15
16
17
18
19
20
21
22
23
24
25
26
27
28
29
30
31
32
33
34
35
37
38
39
40
41
42
43
45
47
48
49
50
51
52
53
54
55
56
57
58
59
60
61
62
64
65
66
67
69
70
71
72
73
74
75
76
77
78
79
80
82
83
84
85
86
87
88
89
91
93
94
95
98
99
100
101
102
103
104
105
106
107
108
109
110
111
112
113
115
116
117
118
119
120
121
122
123
124
125
126
129
130
131
132
133
134
137
138
139
140
141
142
144
145
146
147
148
149
150
151
152
153
157
158
159
160
161
162
163
164
165
166
168
169
170
172
173
174
175
176
178
179
180
181
182
183
184
185
186
187
188
189
190
191
194
195
196
197
198
199
201
202
203
204
205
206
208
209
210
212
213
214
216
217
219
220
221
222
223
224
225
226
227
228
229
230
231
233
234
235
237
238
239
240
242
243
244
245
247
248
249
250
251
252
253
254
255
256
257
258
259
260
261
262
263
264
265
266
268
269
270
271
272
273
274
275
276
277
278
279
280
281
283
284
285
286
287
288
289
290
291
292
293
294
295
296
297
298
299
301
302
303
304
305
306
307
308
309
310
311
313
314
315
317
318
319
320
321
322
324
325
326
327
328
329
330
332
333
334
335
336
337
338
339
340
341
342
343
344
345
346
347
348
349
350
351
353
354
355
357
358
359
360
362
363
364
366
367
368
369
371
372
373
374
375
376
377
378
379
380
381
382
384
385
386
387
390
393
394
395
396
397
398
399
401
402
403
404
405
406
407
410
411
413
414
415
416
417
418
419
420
421
422
423
424
425
426
428
429
430
432
433
435
436
437
438
439
440
441
442
444
445
447
448
449
451
452
453
454
455
456
457
458
459
460
461
462
463
464
466
467
469
470
471
472
473
474
475
476
477
479
481
482
483
484
485
486
487
488
490
491
493
494
495
496
497
498
500
501
502
503
505
506
507
509
510
511
512
513
514
515
516
518
519
521
522
523
524
525
526
527
528
529
531
532
533
535
536
537
538
539
540
541
542
544
545
546
547
548
549
550
551
552
553
554
555
556
557
558
559
560
561
562
563
565
566
567
568
569
570
571
572
573
574
575
576
579
580
581
582
583
585
586
587
588
590
593
594
596
597
598
600
601
602
603
605
606
607
608
609
610
611
612
613
614
615
616
617
618
619
620
622
623
625
627
628
629
630
631
632
633
635
636
637
638
639
640
642
643
644
645
646
647
648
649
652
653
654
655
656
658
659
660
662
663
664
665
666
668
669
670
671
672
673
674
675
676
677
678
679
680
681
682
683
684
685
686
687
688
689
690
691
692
693
696
697
698
699
700
701
702
703
705
706
707
709
710
711
712
713
714
715
716
717
718
720
721
722
723
724
725
726
727
729
730
731
732
733
734
735
737
738
740
741
742
743
744
745
746
747
748
749
750
751
752
753
755
756
757
758
759
760
761
762
763
764
765
766
767
768
770
771
772
774
775
776
777
778
779
781
782
783
784
785
787
788
789
790
791
792
793
796
797
798
799
800
801
803
805
806
807
808
809
810
811
812
813
814
815
816
817
819
821
823
824
825
826
829
830
831
832
833
834
835
836
837
838
839
840
842
843
844
845
846
847
848
849
851
852
853
854
855
856
857
858
859
860
861
862
863
865
867
869
871
872
874
876
877
878
879
880
883
884
885
886
887
888
889
890
891
892
893
894
895
896
897
898
899
900
901
902
903
904
905
906
908
909
910
911
912
913
914
915
916
917
918
919
920
923
927
928
929
930
931
932
933
934
935
936
938
939
940
941
943
944
945
946
947
948
950
952
953
955
956
958
959
961
962
963
964
965
966
967
968
969
970
971
972
973
975
976
977
979
980
981
983
984
985
986
987
989
990
991
992
993
994
995
997
998
999
1000
1001
1002
1003
1004
1005
1007
1008
1009
1010
1012
1013
1014
1015
1016
1017
1018
1019
1020
1021
1022
1023
1024
1025
1026
1027
1028
1029
1030
1031
1032
1034
1035
1036
1037
1038
1040
1041
1042
1043
1044
1046
1047
1048
1049
1050
1051
1052
1053
1054
1055
1056
1057
1059
1061
1062
1064
1065
1066
1067
1068
1070
1071
1072
1073
1074
1075
1077
1078
1079
1080
1081
1083
1084
1087
1088
1091
1092
1093
1094
1095
1098
1099
1102
1104
1105
1106
1107
1108
1109
1110
1113
1114
1117
1118
1119
1120
1121
1122
1123
1124
1125
1126
1127
1129
1130
1131
1133
1134
1135
1137
1138
1139
1140
1141
1143
1144
1145
1146
1147
1149
1150
1151
1152
1153
1154
1155
1158
1159
1161
1162
1163
1164
1166
1167
1168
1169
1172
1173
1176
1177
1178
1179
1180
1181
1183
1184
1186
1187
1188
1189
1191
1193
1194
1195
1196
1197
1198
1199
1200
1201
1203
1204
1205
1206
1207
1208
1210
1211
1212
1213
1214
1215
1216
1217
1218
1219
1220
1221
1223
1224
1225
1227
1228
1232
1233
1234
1237
1238
1240
1241
1244
1246
1247
1248
1249
1250
1251
1252
1253
1254
1255
1256
1257
1258
1259
1260
1261
1262
1263
1265
1266
1267
1268
1269
1270
1271
1272
1273
1274
1275
1276
1277
1278
1279
1280
1282
1283
1285
1286
1287
1288
1289
1290
1291
1292
1293
1295
1296
1297
1298
1299
1300
1302
1304
1305
1306
1308
1309
1310
1311
1312
1313
1315
1316
1317
1318
1319
1320
1321
1322
1323
1324
1326
1327
1329
1330
1331
1332
1333
1334
1335
1336
1337
1338
1340
1341
1342
1343
1344
1345
1346
1347
1348
1349
1350
1351
1352
1353
1354
1355
1356
1357
1359
1360
1361
1362
1363
1364
1365
1366
1367
1368
1369
1370
1371
1372
1373
1375
1376
1377
1379
1380
1381
1382
1383
1384
1385
1386
1387
1388
1389
1390
1391
1392
1393
1394
1395
1396
1397
1398
1399
1400
1401
1402
1403
1404
1405
1407
1408
1409
1410
1412
1413
1416
1418
1419
1420
1421
1422
1423
1424
1425
1426
1427
1428
1429
1430
1431
1432
1433
1434
1435
1436
1437
1438
1439
1440
1441
1442
1443
1445
1446
1448
1449
1450
1451
1452
1453
1455
1457
1458
1459
1461
1462
1463
1464
1465
1466
1467
1468
1469
1471
1472
1473
1474
1475
1476
1477
1478
1479
1480
1481
1482
1483
1484
1485
1486
1488
1489
1490
1491
1492
1493
1494
1495
1496
1497
1498
1499
1500
1502
1503
1505
1506
1507
1508
1509
1510
1511
1513
1514
1515
1516
1517
1518
1519
1520
1521
1522
1523
1524
1525
1526
1527
1528
1531
1532
1533
1534
1535
1536
1537
1538
1539
1540
1541
1542
1543
1544
1545
1546
1548
1550
1551
1552
1554
1555
1556
1557
1558
1560
1561
1562
1563
1564
1565
1568
1569
1570
1571
1572
1574
1576
1577
1578
1579
1580
1581
1582
1583
1584
1585
1586
1587
1588
1589
1590
1591
1592
1593
1594
1596
1597
1598
1599
1600
1601
1602
1603
1604
1605
1606
1607
1608
1610
1611
1612
1613
1614
1615
1616
1617
1618
1619
1621
1622
1624
1625
1626
1627
1628
1629
1630
1631
1632
1634
1636
1637
1638
1639
1640
1641
1642
1643
1646
1647
1648
1649
1650
1651
1652
1653
1654
1655
1656
1657
1658
1660
1661
1664
1665
1666
1667
1668
1669
1670
1671
1673
1674
1675
1676
1678
1679
1680
1681
1682
1683
1684
1685
1686
1687
1688
1689
1690
1691
1693
1694
1695
1696
1697
1699
1700
1701
1702
1703
1704
1705
1706
1707
1708
1709
1711
1712
1713
1714
1715
1718
1719
1720
1721
1722
1723
1724
1727
1728
1729
1730
1731
1732
1733
1734
1735
1736
1737
1738
1739
1740
1741
1742
1746
1747
1748
1749
1750
1751
1753
1754
1755
1756
1759
1760
1761
1762
1763
1764
1765
1766
1767
1768
1769
1770
1771
1772
1773
1774
1776
1778
1779
1780
1781
1782
1783
1784
1785
1786
1787
1788
1789
1790
1791
1792
1794
1795
1796
1797
1798
1799
1801
1802
1803
1805
1807
1809
1810
1811
1813
1815
1816
1817
1818
1819
1821
1822
1823
1824
1825
1826
1828
1829
1831
1832
1833
1834
1835
1836
1837
1839
1840
1842
1843
1845
1847
1848
1851
1852
1853
1854
1857
1858
1859
1860
1861
1863
1864
1865
1866
1867
1869
1870
1871
1872
1873
1874
1875
1876
1877
1878
1879
1880
1881
1882
1883
1884
1885
1886
1887
1890
1891
1892
1893
1894
1895
1896
1897
1898
1899
1902
1903
1904
1905
1906
1907
1908
1909
1910
1911
1913
1915
1916
1917
1918
1919
1921
1922
1924
1925
1926
1927
1928
1930
1931
1932
1933
1934
1936
1937
1939
1940
1941
1942
1943
1944
1945
1946
1947
1949
1950
1951
1952
1953
1954
1956
1957
1958
1959
1960
1961
1962
1963
1964
1965
1966
1967
1968
1969
1970
1971
1972
1974
1975
1976
1977
1978
1979
1980
1981
1984
1986
1987
1988
1989
1990
1992
7
9
11
34
36
39
42
46
50
57
68
71
81
85
87
90
92
96
97
99
101
110
111
114
117
120
127
128
136
143
154
155
156
165
167
171
177
189
192
193
200
202
207
210
211
215
218
219
227
229
232
236
241
246
259
267
280
282
286
292
300
312
323
331
347
352
356
357
359
361
365
370
376
383
384
386
391
392
394
398
400
401
408
409
413
427
431
434
439
443
446
448
450
456
461
468
478
480
486
489
492
493
499
504
517
520
527
530
534
536
538
542
543
547
549
558
560
562
564
577
578
589
595
598
599
603
607
613
615
621
624
634
638
640
641
650
651
657
667
679
680
681
690
694
695
704
705
708
712
719
728
732
736
737
738
739
754
769
773
780
782
786
794
795
804
813
817
818
820
822
823
825
828
841
846
847
857
861
866
868
870
872
873
881
882
885
908
915
922
924
925
926
929
936
942
949
951
954
957
960
961
974
978
979
982
986
988
996
1000
1003
1006
1011
1016
1021
1022
1034
1039
1041
1043
1045
1052
1057
1058
1060
1069
1070
1075
1082
1085
1090
1094
1098
1101
1102
1103
1111
1112
1115
1116
1118
1123
1127
1128
1132
1133
1136
1141
1148
1156
1157
1160
1165
1166
1170
1171
1174
1182
1185
1190
1191
1192
1201
1202
1203
1205
1209
1222
1226
1229
1230
1231
1235
1236
1239
1245
1254
1264
1273
1276
1281
1284
1286
1287
1291
1292
1294
1301
1303
1307
1311
1314
1319
1321
1325
1332
1333
1338
1339
1345
1352
1355
1358
1359
1367
1368
1372
1374
1378
1390
1397
1399
1406
1408
1410
1411
1414
1415
1417
1426
1430
1436
1444
1447
1448
1451
1454
1456
1460
1468
1470
1487
1501
1502
1503
1504
1512
1519
1526
1529
1530
1531
1536
1542
1549
1553
1557
1559
1566
1567
1573
1595
1609
1615
1622
1623
1633
1635
1636
1644
1645
1646
1659
1662
1663
1671
1675
1677
1686
1692
1698
1700
1707
1710
1711
1716
1717
1719
1725
1726
1728
1729
1730
1734
1743
1744
1745
1752
1753
1757
1758
1762
1766
1768
1775
1777
1793
1799
1800
1804
1806
1814
1819
1825
1826
1827
1832
1838
1841
1846
1849
1850
1852
1855
1856
1868
1869
1873
1882
1888
1894
1897
1899
1900
1901
1914
1916
1920
1923
1924
1929
1935
1938
1941
1942
1948
1954
1955
1964
1968
1973
1975
1982
1983
1984
1985
1991
1992
1993
1994
1995
1996
1997
1998
1999
2000
