20
2 5
0.600000 0.600000
1 20
1.000000
3 4
1.000000 0.900000 0.100000
1 3
0.000003
2 60
0.798853 0.634239
3 17
0.670373 0.049736 0.926651
3 5
0.494136 0.622180 0.470923
3 42
0.000008 0.000002 0.000003
3 4
1.000000 0.999999 0.447865
2 3
0.999999 0.999999
2 5
0.142185 0.385410
3 10
0.902637 0.954241 0.118814
3 10
0.109270 0.801300 0.021228
3 42
0.999999 1.000000 1.000000
3 100
0.245142 0.431579 0.853323
3 10
0.876098 0.030371 0.885792
2 7
0.118055 0.901994
2 7
0.900617 0.135845
1 4
0.999999
2 4
0.000005 0.000008
